1893
49433
2438
192
33844
7589
5843
26936
13321
9361
5906
11743
31873
35539
15944
6910
3187
4044
4898
24883
26616
96970
45577
13491
8819
16332
21950
71484
3269
20537
4723
6999
2190
15826
31460
4754
909
32284
6075
593
63225
11411
43907
16330
15649
13576
11675
16263
57020
8675
33907
18376
30909
11837
14371
12982
35215
8576
8865
48507
19955
55342
740
11229
19060
15297
28811
5006
8795
38070
5237
24170
26852
19005
13167
22652
782
10892
28951
48333
1324
13716
22792
16912
16539
12088
18178
21775
8296
20710
23075
39986
4033
16197
24304
8838
4473
27605
23994
26421
6755
66793
24155
70204
7392
13985
20265
17339
2962
7323
75789
37303
8557
10038
1348
37886
30678
41929
13971
7847
29634
305
2022
78082
13562
1316
5948
35876
8087
43595
1612
29228
1226
60729
5008
47873
5539
43407
10726
13065
5270
2576
49393
26953
9925
33741
2980
30656
23278
55773
38449
27106
59328
19952
4925
10073
320
11616
31
47459
6482
4259
31275
33606
57718
91578
15322
6673
13550
1311
2572
154
11146
48830
4666
66173
532
67569
13642
35990
17081
250
726
15817
15075
18901
2230
8823
52538
21469
16316
4254
30777
46628
10275
18648
8020
43952
12850
12039
12535
10910
12391
20430
11622
185
35173
25271
69498
7928
25159
29706
12415
7007
3259
6035
24110
19216
7138
14340
29573
1753
35809
6972
1169
10242
2632
15804
48899
1159
22047
13891
29262
7113
20777
7447
65714
2383
3577
3524
14019
2378
2405
5108
5219
3303
6750
25504
3931
6002
5748
20487
20572
5999
804
17831
11012
35139
13078
20541
26195
5454
25985
11219
7997
4407
3650
4433
39933
3379
21357
8954
29193
34115
10949
5318
24911
8032
11916
78654
26929
12934
3974
20827
8611
16875
10892
4556
22712
27534
10602
31918
6449
5051
12088
7287
18683
372
52748
3514
1446
12667
11476
1586
497
5869
9414
8738
32720
13189
27308
11823
10748
37129
40496
83022
14199
4585
13454
11156
5493
43244
11856
11405
13009
23458
3585
1757
4281
14117
13237
9856
1289
58484
2938
28811
11796
14081
60775
20159
34573
33768
4755
1951
1605
7151
4764
26272
8745
5326
16288
45932
2313
25847
56144
317
17181
56833
12654
18980
29862
41844
3860
9659
369
5379
18565
85
4258
36958
24928
5971
37794
3123
13679
28469
1860
16047
16285
16245
20165
12484
10627
31552
22212
41706
4099
3197
16722
16759
9259
4060
4953
17447
17675
33889
15524
923
44484
20560
17445
18265
31840
7437
33065
13064
44124
24163
21516
4497
49657
8355
25555
11734
25257
13964
2274
2382
2462
16297
20294
14930
24050
54049
63772
20464
7854
16109
19384
49744
23857
11777
13960
16770
9824
24491
12568
7320
41109
98084
15330
2807
18742
2573
3917
55286
39590
8243
2670
15576
58943
4981
5867
34723
19719
12251
822
10312
4886
1374
15561
9672
36976
23783
53344
2656
42897
1667
3410
6634
423
38492
6232
265
32178
90027
55633
38491
2263
6575
8536
21790
43829
19846
3650
17095
17127
35671
9873
22447
19395
18906
15099
1450
41904
7034
2138
3669
2487
21468
2648
10816
13010
26488
72463
9257
14873
1647
7592
30504
10239
62869
730
11193
5758
54394
38234
14583
66657
10742
48693
3423
10517
83831
75908
30306
11854
23023
27369
1570
103839
29645
12102
22496
16509
2157
693
46641
13967
396
2592
31865
17062
11859
39236
18725
3319
11578
5578
32946
14500
29538
3410
18448
37453
8231
889
6358
39392
7318
5122
11074
17371
31068
5493
9993
25667
18087
11070
1914
12805
7173
12804
57431
7713
11882
1149
25180
29126
27018
24308
19436
29758
406
10297
33861
19076
13697
10879
14728
47975
35065
26262
11758
8199
24764
16427
52770
4155
2671
27058
34006
2310
1484
13249
81606
7913
13674
36287
4894
7878
4991
61609
19048
7609
155
11834
9241
51307
6441
57024
39941
21828
33026
20586
26321
1457
15922
5155
10148
22378
6703
1024
39894
5569
5077
14037
9807
2505
22116
31135
1857
32205
3163
23834
32080
9647
37153
2018
27400
36205
5421
9911
4530
9828
10710
32570
23037
50509
42920
74823
7226
35905
11163
89098
6925
4102
37438
2062
2846
15931
7320
43580
21028
78879
75974
399
24711
57908
37705
12364
4507
77734
10807
4615
39199
3951
10150
27012
22656
14565
5635
21931
16136
17670
7132
6571
22412
8627
29520
8766
4189
3846
30042
86197
21921
6393
23949
8376
32702
13648
8550
833
13837
39476
765
272
21938
5998
5052
2231
24039
23823
2783
20415
19600
9805
4515
16461
25764
32043
4054
52053
6860
1082
706
19273
15894
12674
18720
15358
8566
16327
21216
24306
2953
11796
1972
30667
73216
11768
47761
12088
124730
35584
15908
8817
43624
16780
72633
2776
6713
4477
9445
11197
1687
43686
10807
8672
4860
23577
21089
40818
14373
44917
37263
573
2594
71349
46222
3288
6635
8068
20376
1204
225
9710
8239
1246
5809
26216
6244
78850
3222
1860
486
38930
45510
31044
23377
6846
2376
11123
741
59185
48565
18692
6045
5006
2300
9184
53298
6859
4265
3301
5742
33169
2483
3537
26178
21530
37455
13136
16312
14714
6030
19059
62847
29292
7685
2473
5057
10366
26790
6816
50956
43614
8004
23401
56145
9901
8680
2047
2602
41833
35389
3198
72590
26268
4934
19565
10650
15190
47675
26722
10603
16449
5061
2704
14849
13044
6406
45478
35100
24042
9791
1804
4242
46444
27226
7316
4246
25240
49787
60258
1478
20134
5408
5792
73473
4828
48784
8794
11353
16018
6388
616
1421
1424
8713
17954
15262
19524
8545
32671
56862
20840
25757
17215
127891
2572
5072
7249
14425
1081
22091
8019
7505
18556
41773
1704
2073
4160
914
3306
5803
11207
26052
11293
1225
24492
22169
12565
4980
4511
1899
17056
3268
3037
48611
6082
3948
46335
52730
56412
2648
2158
32516
18767
9445
14264
29536
11432
9886
9334
10126
458
67459
977
6863
20
14898
8253
9394
4839
32036
12233
13349
21333
8796
19696
72993
12297
12069
10766
29751
22139
25873
40416
573
2990
4616
1892
12347
34811
39161
17718
1927
2729
9908
4586
14117
6795
9533
1135
5144
5110
30691
9585
6428
260
7572
24755
115609
43686
9978
17925
19912
21838
57214
20523
12595
22632
41062
20270
18668
6871
40262
21620
10070
8138
28233
1828
3800
26399
44573
18704
8347
18235
26732
845
26177
4175
64575
36696
14889
63186
14620
2943
15079
16758
16189
2144
27038
10698
27289
2998
3777
36723
14217
15150
1426
11024
71571
16094
1338
6637
17744
1073
19380
950
2092
1093
3639
12642
16512
19964
36996
1834
21910
25468
130
23143
29279
4462
62469
7195
85078
2219
73728
1278
21924
14065
10085
82095
55677
59645
10822
18020
6752
9579
25303
46495
7372
4805
20099
7268
2149
62010
38747
24155
21795
16419
14235
2083
46963
13871
26614
49725
18051
22233
1701
1619
8843
27669
111
4417
7951
36578
30374
4404
21544
3747
43631
8278
47572
11930
44854
21548
34636
8433
15588
2826
38157
19675
27758
3725
17171
4228
46185
3454
9346
15805
17030
11192
1002
35122
6390
14811
30811
26025
33946
11459
10572
23829
17957
63684
30503
24113
2415
21176
4180
27210
41989
5779
1594
22545
1888
36033
12954
14105
6364
2049
8058
409
22262
13521
16195
11382
12262
11274
17964
20931
6517
13600
12301
57061
13478
14495
9974
6672
118049
24264
30738
7706
16335
9646
23181
63484
14330
40062
1020
12255
6793
4878
2845
1713
31969
9413
22599
5454
26120
7369
17935
2640
10422
6515
113
2693
18740
14141
61137
10399
16639
18142
23526
17895
43012
45321
87035
32751
53237
3576
2819
2361
36966
3505
16172
3333
30733
11922
55885
9600
2878
7939
10687
10678
17805
11949
11025
13089
8339
3867
17557
14486
13813
21971
3646
32541
18401
44567
3303
15504
9606
12981
29851
840
23593
21077
46615
29412
22912
37560
8270
13674
19177
4001
1430
22322
12893
48080
914
14472
26814
8855
4172
1556
31848
13872
47313
26770
1391
32232
14397
159
35744
7770
1500
8004
1081
124229
2337
31326
23158
41062
3790
37052
6527
25743
3977
365
36630
12395
10845
17701
14330
12655
20726
16517
21128
22955
135056
6862
10503
20092
4035
52597
882
12489
53652
28383
10358
50518
5456
1148
11428
6873
14686
15210
18735
28283
21504
2667
48279
606
12791
33500
849
15586
25236
5301
528
33613
27494
5593
57630
5360
14312
632
39387
22278
8023
12133
47865
4681
19938
20073
2640
47851
29783
57691
13394
29558
47118
4819
11006
5289
8407
16726
8929
8095
24541
7579
16679
676
13095
8882
2256
36804
10778
12335
65142
7340
10534
56770
25526
10363
18018
9741
14100
30406
11116
26395
8888
13826
2874
14822
48996
6637
13897
3606
57430
12510
7801
11711
243
16448
1860
4184
33675
3545
48437
4019
30697
2456
27
34043
48778
28345
3608
19710
11357
7770
365
28107
45581
6174
46313
2051
64629
8302
59215
8995
923
13846
25742
8410
5132
1220
6389
27298
26676
12022
9251
18719
3533
69265
25640
13462
6730
26559
28718
5662
12634
25788
2561
9837
3111
67592
21150
13813
4615
5868
32969
9630
15548
4171
2701
18134
39497
2281
61171
1070
39549
13293
35209
39631
950
4782
34092
3127
26099
15726
2417
4203
14673
68325
15738
8223
13133
17159
3737
10729
6328
29169
9859
8454
16263
58988
1588
91615
15324
2331
34727
13733
37568
13921
24781
17104
49906
49975
37120
14671
20421
15009
49060
5984
23350
33702
945
254
8637
5559
6404
12235
2575
4013
15970
38277
31042
10483
2730
43895
358
8986
18730
12050
2872
12948
8788
53437
3447
2856
27993
24316
11494
18506
1698
34721
13126
3839
26762
13200
5550
39866
5490
4601
2926
7719
4524
20211
10704
17438
48721
72299
39396
21387
6907
16888
16532
21837
24606
11543
260
20064
1247
23499
20525
86688
27
30386
20776
31784
15084
9724
39151
31536
9960
38354
83666
19733
11383
12662
36635
11704
30664
22221
11102
2945
21663
3620
18992
47496
14412
55541
10848
16339
9188
20440
6960
21084
3038
2189
20625
14453
50973
22394
87741
2370
9612
28018
25689
76843
35007
26331
11727
20390
16922
9840
21758
2316
10097
6733
6144
269
1631
10920
12066
37218
846
32041
8287
19067
6713
14572
1912
22348
3090
29194
10947
1475
646
2464
21197
25894
9108
15377
27615
37476
18253
19511
4600
1618
5181
19069
43589
43851
44852
15349
2674
1025
1440
5899
43534
44725
88676
36421
10762
10821
31591
14253
5141
3256
2474
33859
933
9644
4181
17477
24607
15616
46048
30962
3098
11979
4201
18366
14637
56143
31250
1535
4780
6174
16419
6495
41087
11315
9877
4015
1988
10532
1537
9791
24940
66535
30816
6753
16144
5996
9542
3330
6776
7908
63798
29198
5579
4509
46590
5887
8256
23318
18713
229
49589
769
125
2351
2382
78457
76117
7929
67980
15034
7367
348
18673
24322
34625
9745
18767
31537
28365
3298
140
9324
2919
6516
12579
24876
18359
17308
46971
34651
72470
50813
1882
9910
12646
5087
14687
28554
62345
8784
60158
10343
14996
12187
48929
32414
7234
39412
27094
1488
614
22801
1195
22528
35735
9242
7138
54770
34135
7137
10182
2575
19727
23781
13367
13688
12127
15939
47545
52574
2489
23136
189
8781
4674
91
22363
10019
23722
257
1911
2449
1751
6927
6732
52021
665
4209
4069
4151
35771
113255
37758
46562
13390
25268
53504
20196
49924
13509
67579
10771
30039
10637
9427
28663
11002
24519
16960
13066
55760
36734
5313
15645
43876
1331
11300
1959
4003
14760
21981
213
3617
28618
9305
6335
15697
10509
29015
16287
22188
6541
34666
705
26211
44057
18684
6114
6719
26403
22606
12491
44606
35022
23905
6725
31896
79212
882
11888
13230
63434
17694
22755
2244
24872
34815
7106
243
11830
14788
2466
14366
11934
23303
13588
27035
9826
14886
17330
39108
47415
3125
20913
41855
14528
58127
8877
256094
36815
23812
67724
766
2702
853
20647
8590
21478
3881
3870
49844
12935
28421
26759
83556
4275
52822
37727
5895
13252
667
14389
2384
4728
942
38731
11768
45512
44135
16148
48579
57038
5349
15456
6653
6404
61777
19274
25229
27639
61368
4803
2372
20498
72408
9855
35176
52177
25195
14854
31739
53815
21000
3265
22408
72151
3908
11709
31195
6525
34091
4042
11822
84926
16238
57267
19874
48216
37366
18838
33875
6450
14650
885
33882
17773
5855
98956
24712
145
25237
4982
27008
6144
11704
4748
22439
48251
62416
2726
17312
31994
17941
78
9105
8959
31122
693
17240
3622
92
6238
13665
35470
4693
7282
12331
11648
25870
30159
783
23204
9500
7507
12093
78092
15578
35406
17506
16533
6718
28051
14691
44553
2242
10779
137798
7617
34568
10611
13312
18040
36133
4986
36037
15759
1056
26642
55103
1931
80923
3022
7723
2340
12127
37997
5492
13446
1095
9137
4030
21395
6066
6749
11133
28778
5255
10856
15210
2563
6231
15079
1069
34901
9705
31304
12508
2442
9023
7842
5408
18149
38157
10527
47529
7968
25805
106156
14939
77473
23319
5883
5151
8153
22351
20788
11875
13440
180
3431
2727
32594
21417
8233
16907
8122
8431
31955
3485
40043
35586
30594
24070
41522
6749
26419
5108
5877
24599
12976
26734
3375
20216
16434
2131
39197
14293
1082
4504
81
37296
31851
1105
10813
17185
8373
9941
68139
574
16303
38053
20980
8530
14840
2490
14790
1520
29633
61309
6115
18908
1500
3800
23987
18296
1416
10710
18059
23403
70257
6848
50819
24157
17667
13969
2743
7325
1235
243
4325
16472
5176
4353
28135
15088
33092
27100
103994
27651
56917
78154
3371
39641
100619
23363
51676
29458
10739
24586
3466
12241
31011
14801
9910
24812
2799
47947
8850
4346
14305
13897
12236
24863
2479
43795
4058
29600
11578
3144
12612
20951
16426
7755
11528
9333
4522
5098
17693
10115
2517
5513
5330
39132
8624
2339
20215
57891
2793
20415
18033
7608
65691
17712
62649
65935
1878
10224
5058
30382
53111
7246
19714
17377
16941
5900
95131
47612
42891
8593
2292
12690
20466
52017
17429
42656
26659
1662
3158
39140
27198
4907
1301
911
7733
7485
10587
8053
34291
3361
1612
48200
340
38765
5329
1102
10453
48456
71282
27307
17687
20687
11013
12625
9526
8285
123351
23159
4563
34336
7061
41656
250
6924
11608
1267
23813
30078
8111
28906
37526
13058
24430
19571
17030
36254
130532
18176
13158
34902
13806
40514
21975
14022
5226
27621
10942
10000
98786
23312
30519
23740
58134
412
17805
23120
23855
34509
29277
14919
12091
28282
17765
2531
53425
5744
31703
8471
40211
29629
30895
4175
14107
33568
624
9405
4866
10721
16935
7131
2206
12428
2292
2097
19556
5351
16687
10158
6178
6825
8562
7760
9205
3029
16720
14072
12261
35723
5435
5499
44109
26567
11988
7238
13514
8539
19885
16774
5650
28813
2811
8698
1207
4631
19892
2849
15433
5460
25181
25190
18375
46991
4992
7184
34503
109400
15351
2534
42055
13316
8735
25946
64721
10601
2746
909
28347
1681
20236
13713
6208
3854
20054
8293
17879
1805
43320
32494
13453
30247
25365
26248
19340
32951
7131
7939
25161
4300
57779
58613
42841
64475
13934
40042
5040
15674
28319
8196
8496
28674
11897
13920
20647
21495
33307
8118
4169
111319
11608
34100
2959
22622
54044
7434
43972
22085
7729
50247
40857
19681
44199
7060
78271
29122
20781
41098
15914
26794
4795
11380
28850
64034
39869
7532
19854
8201
15965
30518
45332
35873
12308
31624
21372
37875
4196
5626
43151
32290
63416
2386
3506
902
21694
62217
33527
3845
11349
48908
1344
13757
15168
13188
14984
17553
28889
8058
14704
42208
11182
52879
5778
9306
34895
19696
1852
12037
7938
16144
1443
1238
18364
685
12649
37082
25799
5553
4969
11950
8570
15226
17192
22447
3311
35941
10334
2447
15758
7653
28946
2305
53600
16394
9053
16381
15150
7178
9771
46073
43315
5377
38615
32616
610
38615
75604
15467
16837
3799
7940
67864
3634
8347
22687
5341
6956
29592
33198
26155
4914
31641
10772
1643
74581
17131
16386
5291
9689
50276
7204
17240
98849
22499
46356
23193
30247
20618
17706
2765
49272
43372
14554
3675
18832
5752
4676
6637
10779
23346
15523
10918
71709
3762
29608
6464
10703
53341
49367
17762
27761
69953
6671
6311
9964
16355
4548
4937
928
22190
25422
17360
1176
37593
41944
29991
1548
12836
2046
9024
55612
3172
9641
30602
4648
3489
22687
26823
31989
71540
8988
4486
32343
11712
41454
17303
34953
13626
4969
7034
7607
4836
3185
37890
11338
24277
23016
55795
6514
12242
6727
56127
4623
31608
40092
12803
28114
7309
5020
11042
7153
140260
6442
65625
27232
33834
5249
3475
15500
19045
17355
39655
35806
9305
113526
6462
10489
8203
887
3708
18364
2388
2233
9812
16653
352
29149
3994
417
38153
9196
7063
23362
10065
15986
2404
32159
9741
581
13144
17274
5649
24286
12257
21741
1463
8193
29067
20842
13519
101302
23396
14093
7240
11337
17274
26939
549
29283
985
27221
2209
528
18703
26941
2537
22506
30934
14052
54621
3434
20093
6335
18161
49176
20456
5289
1484
10130
11116
25296
13562
8417
68099
2271
7016
1361
20871
19649
8563
16630
19402
11047
7199
11560
25543
8030
27344
19609
18111
36634
60964
3510
19197
1029
31495
5829
13369
8290
11676
5865
1640
14588
24087
24561
4649
46861
14764
25882
14864
2810
7839
8914
2548
24735
21260
72894
18912
1701
12469
14656
26323
69359
2338
18184
9726
9598
165
2275
8701
8572
2988
1416
16335
778
6607
2526
12895
14420
16040
24079
5394
26649
16251
6953
23024
6614
8009
1369
14756
98160
13071
2708
3415
25435
4703
23899
8178
21404
7427
43137
6600
40470
6718
13180
1683
54116
2589
73959
26272
2756
27220
140
13780
12965
4644
8012
21702
27862
8112
28532
18324
10677
61321
9629
72146
10852
20278
22600
22586
16473
5751
16585
44944
39245
21013
58077
12735
177
11577
13602
9687
6089
151
6856
15262
33315
34936
4060
1391
13175
9372
7423
36945
28824
17014
21295
21214
1920
46650
51151
68159
18939
37685
24870
6320
3281
5443
8711
3860
33702
50546
1539
37481
9914
10400
12007
657
8323
25048
16913
1133
46016
17355
14306
6272
2664
12863
34806
7026
62561
6406
24457
4151
8030
7374
17729
2301
61943
5668
1131
50582
856
67196
4460
1356
5006
18912
9481
3371
39536
2263
31701
18774
13203
11611
33190
6303
43754
3371
4800
5533
14169
20026
19
5811
13479
3786
40647
31345
69430
8825
5082
27611
6481
22739
5897
648
620
32052
211
6196
19875
21983
19235
16559
13376
10034
13974
33315
3084
34700
29432
13904
694
15364
40153
96078
31706
5033
26525
47503
23698
1350
4869
16901
25880
7540
41
19186
1972
1413
19424
40450
2772
31905
21471
2353
315
9486
3822
20208
4058
13958
42082
66841
65707
14594
56326
10119
1007
24456
30985
21488
17377
24612
10860
22425
19211
43859
5255
16438
1055
56438
25421
21920
24939
3959
35973
36800
38129
6393
1469
33871
