4592
3535
6950
2050
1050
1502
4782
4923
4079
7935
20537
2907
2417
8694
1255
276
2187
7286
5430
939
1429
306
1974
5347
1415
12572
444
5341
7531
734
815
215
3819
1057
13952
4752
2219
242
669
2551
4910
22692
8286
10007
9439
245
13959
193
11652
2723
7175
9086
4370
11007
8709
111
1199
2437
8497
2602
19220
1735
3619
14450
762
3001
11254
1779
1188
1217
3012
6537
13270
5857
7660
769
5254
15762
2449
9934
6390
986
6410
2959
602
8113
225
3499
2358
581
1683
7831
2816
6876
3619
3881
2700
240
7001
2666
12097
518
8735
10367
4164
2161
685
1257
1066
5025
2993
5618
7772
5472
439
4841
1333
4457
1129
11758
998
6617
10420
455
822
898
1978
5567
5720
428
9663
2031
3112
4051
5844
1240
476
168
1702
1785
1265
1143
7549
5031
16522
6039
4102
9101
1786
1532
2649
3138
2275
4611
7284
3678
1337
6238
4101
6283
9943
1775
698
10427
1604
171
14056
10557
20267
8791
3430
908
11597
7971
3470
2200
4383
7147
750
1750
44
1691
5576
622
3605
10088
16620
4891
6462
2940
3891
2843
5577
2319
1205
2297
6951
621
1730
5674
1032
6408
6714
14096
320
2309
296
3709
2562
3831
1076
12599
9202
4463
1588
9401
5428
24
209
5164
2337
1814
16108
132
305
688
2549
1707
9716
2494
10504
1301
2164
9220
11980
2123
8558
12872
2206
1254
232
12881
3447
2299
2042
1391
9483
9826
515
6545
2830
294
18222
12865
1193
3660
4551
4003
1197
8778
8036
5726
1395
205
668
6384
2334
7930
1403
2883
323
1
5946
5288
4012
31
867
2207
17047
3394
1985
3650
358
4793
5002
5671
8715
3253
647
5189
3765
306
1152
2283
9552
1487
1536
980
2130
10384
1104
3992
320
4774
6544
4272
389
57
4448
5601
9251
4395
5894
3308
1751
7538
9276
1358
2119
886
5615
17467
2509
11444
634
893
6784
1002
3181
7870
5343
838
322
5478
3332
3044
502
12812
1001
7247
8408
14048
5456
4717
912
3583
3739
1959
9649
2273
9013
4754
1464
6232
1545
9051
2086
5885
680
1343
2272
2041
306
4413
1030
772
247
5458
10357
6178
4249
9794
13290
1586
329
905
608
1061
591
9247
2044
974
493
5980
6826
186
4566
16223
2943
5701
4367
828
2283
48
5623
6886
888
170
4766
939
328
9121
3786
6178
24962
5361
1510
1055
3214
13645
5836
5778
1278
5962
1319
2455
12382
4862
2838
10329
55374
5822
2134
8807
9530
839
11614
6025
3097
3062
6941
6880
3977
12651
5337
850
3256
5168
186
5939
4584
5533
1833
463
5173
9497
2201
310
1057
1152
1388
2915
47
2072
4626
15965
9022
10024
2795
3165
8730
7608
9029
2611
3663
6036
791
8992
1413
5548
873
3741
7849
1009
4416
3229
3662
12346
5426
2702
3607
3948
14365
83
2949
161
11455
9051
6665
10232
521
7921
988
2912
13570
5310
1791
5977
124
7506
5047
7766
16865
4170
5055
10084
2275
14975
9379
2268
2328
2678
4555
2939
1719
9424
18
7314
13701
2534
269
5717
4410
10664
3289
1662
3883
4302
718
11603
2242
7118
15020
714
13086
1903
2602
9612
978
1076
1824
2423
8865
8203
1732
3767
2552
66
2788
134
18174
2563
1316
988
3672
2920
3612
1382
817
4274
194
3682
3457
724
4069
6759
4127
76
6091
2591
819
2059
1937
1016
1910
17
5878
987
6093
5966
4057
2159
434
6064
6178
5396
6192
5977
4965
2923
2734
1172
1341
10454
1711
5279
7934
1638
2556
1101
3807
7492
2104
441
422
424
2178
1426
28
4263
1456
1458
1255
2506
7254
3745
9168
6371
830
19874
7895
510
9245
6818
913
4690
3697
757
2361
2255
279
14182
9150
15047
12595
3727
22426
4465
1490
1024
657
1752
4865
5110
2413
10229
2173
6202
5725
2189
4380
2517
2013
394
4819
387
713
11046
897
5480
2613
11499
3184
4545
5509
121
11633
4134
2370
2044
1252
4909
1631
11034
6107
1023
618
1924
611
814
5290
5358
4829
6937
16839
2597
829
6122
5340
3603
6802
5221
1814
6216
4336
1944
2544
6704
414
2611
2142
2010
3011
3219
719
11509
10861
2504
546
1031
3765
3097
13378
4984
3655
24826
8571
5071
1300
23942
4144
14
4077
66
7079
4362
1039
4770
4883
7518
1417
1944
10967
6135
14590
2852
776
1513
5335
299
474
5478
3590
1518
97
5484
694
3419
5497
2416
6641
5292
110
7704
4120
2415
2217
3713
16131
3713
621
8726
230
9080
2622
3039
6448
4044
165
1569
1448
12002
1068
6002
1734
5132
3126
2562
2412
3023
648
1862
3471
1283
4977
4738
3147
8761
12583
18855
878
1618
6781
1593
5251
5198
851
85
8886
2598
5616
2887
7072
1548
2
416
1638
2743
1817
3072
2970
11755
4439
6916
2202
215
2499
3155
695
4284
1025
10103
6664
3359
2695
5415
12006
3217
362
2162
2590
3098
1762
2438
368
3643
3566
5096
32627
13346
239
2825
551
9536
6767
2420
5472
13081
10682
1024
4903
7781
1480
5268
3408
15509
295
4312
17316
4204
478
4656
316
5366
5486
22
9659
1536
7079
3880
5548
2804
1450
956
1766
54
480
103
2413
716
463
204
19971
732
695
1956
6264
5616
88
4278
826
1081
2419
3101
2684
11898
340
943
5559
1622
1067
5127
4169
1221
2849
11287
3142
1057
7002
8341
3481
20398
3006
8907
4407
3781
4379
2659
194
7003
1424
1507
901
2409
10521
5365
1883
1405
4315
2658
780
8414
4719
9176
592
6569
346
7446
891
3443
10245
5672
637
10116
4118
3822
7562
7992
2000
1001
1569
1423
4265
2039
1126
690
5607
4640
8710
2848
7050
626
493
105
1265
4217
1173
86
3818
5639
1406
11196
676
3391
8123
9122
3333
2527
1356
18228
2812
3096
11464
1275
4054
4798
496
6126
4384
3748
2613
755
767
964
1680
1129
914
9942
13161
18760
2758
4167
9986
9671
11552
965
9378
543
1137
9146
4340
7101
1543
1518
1580
1078
10643
2979
3397
8727
3084
11999
6659
1906
13271
6921
4481
2371
1525
1249
2313
5098
8437
8096
4024
10346
6956
2930
1566
1603
12268
7787
7463
7317
14896
1289
3113
323
4456
20
8397
1348
14145
1208
2339
3462
6081
22073
2850
11169
2854
4669
5653
488
9884
3732
381
402
3296
5894
2270
5338
3234
3761
4391
5321
1697
7964
10886
3372
4478
3038
5004
9544
16242
5001
1742
5294
11547
1488
6799
1954
11321
549
1855
618
4521
2318
1083
3541
16169
1205
17561
3715
8865
5304
6745
19926
1722
9277
2224
4194
1432
1193
1786
660
981
9191
4048
3971
1293
3314
11871
5946
2443
10218
19037
730
1012
779
1976
2486
2706
4084
11439
111
2119
2728
3827
1302
3054
1750
9226
327
3465
7027
6360
6472
9405
4097
11734
4192
22000
4312
6591
5873
1013
8049
1777
7052
293
12204
118
8380
6544
6651
5314
1640
11278
20684
7468
518
3628
1460
2691
888
4860
2705
1632
12930
474
14024
355
3359
5212
16028
8185
13800
3954
1499
4739
9333
4347
23598
2712
8832
1034
4935
7334
1661
1951
8928
7168
14484
2696
933
5148
2631
1054
1559
3137
2416
3471
10463
1691
1237
6172
7483
17222
1710
2262
1616
2815
7189
4851
804
276
2090
5192
4755
1671
2626
7504
11344
3861
3308
659
16178
12154
5499
11849
2561
6193
2563
10652
9779
5430
7772
8166
2723
3988
3767
2778
2355
9699
5083
12536
2668
1165
10762
3036
1156
11981
5788
14104
2984
14552
15568
36
2124
2455
771
1126
3547
6099
1306
17778
16726
4098
8464
4846
3149
1241
3293
2345
5757
1882
10922
12528
11948
845
1984
75
667
4505
1282
2843
296
17983
3576
1664
3441
3149
6527
840
145
1158
1000
7575
1024
1051
341
15930
12877
2614
2071
1841
7346
2711
1905
6770
2040
5475
694
4300
10229
4935
3834
1943
4351
10086
3509
269
5685
5411
795
11368
1973
3439
12406
8135
732
1326
12661
3988
2175
3778
1292
3741
569
995
1327
6787
4048
3521
15362
11106
9909
894
2568
7034
1638
488
2846
675
1690
20340
8096
757
591
129
2383
1802
16279
14617
14048
1717
1894
5120
1739
1802
2277
680
5380
2247
28
342
17257
1983
895
3779
1735
14745
2940
12579
2902
23406
5122
5719
6155
2616
5108
6445
3767
631
2482
3327
4324
1480
8731
5201
5278
1991
727
588
3432
4176
761
3153
112
6743
2249
4237
886
5166
1077
16767
1580
7104
5838
1337
820
4019
2040
4324
2529
855
12352
5352
23647
8087
1139
3277
335
8135
1661
5607
2318
9807
376
4335
13732
606
4047
7750
1008
5228
169
6708
210
3817
9923
3397
429
2476
7020
909
1487
114
4416
16954
5412
360
5583
2378
1781
11341
16651
1878
11775
8343
2863
6595
2339
8613
13948
2295
10065
8885
7406
78
2245
6748
12579
16281
1639
13614
1648
3976
9354
5385
1420
21212
4627
2875
2519
997
6533
15157
1497
1312
643
2894
5
3096
3476
5762
555
6447
3220
1610
1523
13216
5413
371
4459
3781
4109
974
5941
4564
8785
1110
1439
5758
9902
2066
2930
314
2555
659
269
6789
12969
7805
2679
7925
15645
418
153
2305
14779
4463
5411
7650
368
1732
3127
11982
4620
393
7033
4751
5269
0
6565
7659
10184
4274
2566
2076
2103
2491
866
943
2660
1178
2155
17847
612
9738
1844
8650
2764
23523
2150
10182
966
1419
1296
18066
2188
2712
17604
749
918
921
746
1732
762
4112
30541
1239
21576
3559
2918
2737
602
606
666
574
8345
6843
1666
9535
781
1118
1299
2929
691
533
1641
2210
3754
2603
541
289
3161
2951
3462
8453
2831
7006
5104
1215
4045
2746
507
802
6389
4955
99
442
18544
7358
2933
767
3893
8523
126
3297
1608
18013
4515
903
12968
13830
175
10122
2215
20969
3451
22
1635
697
7754
4339
3091
14894
11689
6430
992
7131
4634
1260
7298
8011
933
573
4476
1218
3779
6996
9294
1114
9690
2054
1298
422
1810
1976
9228
4160
6388
6926
7217
2042
3108
12899
553
27142
1142
3391
4656
13393
71
1239
3860
349
6002
1501
3294
478
1972
1787
5559
5666
11320
1930
6566
719
21305
2157
6107
3870
2859
2820
3366
24169
1838
18449
530
5421
8860
12065
3022
16
548
10902
12087
1100
3239
14118
3623
2154
2101
6084
9831
2226
3393
1954
973
1078
103
432
1124
474
2495
5383
5551
2160
10948
792
2677
1311
1504
1376
4056
7057
1936
9532
341
6539
1598
2214
2756
19209
517
2666
6820
11963
3682
2109
14328
1340
1991
5468
4215
2947
11551
6160
7781
226
401
589
9341
2148
613
70
4389
2824
12026
4115
1586
455
1472
373
624
3861
1699
12676
178
3778
10994
2904
367
15837
298
72
4458
6351
6694
6498
1680
866
7620
2890
88
2188
11335
258
9433
4921
6795
2424
11785
940
11542
10398
5487
5432
2206
1186
5118
1196
2857
3225
4725
1365
3593
95
18553
2392
7427
3269
6414
1510
699
1718
4302
4435
2322
5481
12279
9971
1864
5448
4418
3085
13308
12674
1286
6674
2058
2540
17509
21533
2326
1310
4793
621
7897
2377
1287
733
221
15103
103
2093
3125
8705
8777
537
2684
2456
7440
4632
4447
6213
6664
2143
637
9920
7393
1775
1106
1392
1481
3086
10759
7938
528
10351
3848
5062
941
1051
9152
3316
2697
3162
4481
5421
1138
9853
10639
131
186
5565
3916
15363
3630
1797
448
176
8355
2654
6970
487
9210
348
6246
14963
521
124
3010
4059
410
3885
593
1574
2558
11723
5971
5829
1345
37
8230
11437
5612
1400
542
372
1088
4047
68
13005
2946
4044
3836
2309
6745
10658
12802
1664
3260
3300
6719
1828
1511
10982
1775
2239
507
2948
7361
1069
8760
895
6003
4877
3667
4049
19213
5249
3327
891
1350
4833
1774
1298
2219
17260
25876
3323
6545
2976
3621
680
2626
9242
16259
9156
1513
5620
2150
11277
61
1946
4327
1244
2269
8000
6519
9743
2604
11253
751
9510
2064
790
2767
2851
5123
5330
2858
999
1618
7053
17063
5059
3632
212
15058
4328
3423
4751
13120
13563
3645
6236
2448
5199
10113
458
5214
1814
462
25
3539
250
5278
295
2557
4280
691
1218
47057
17477
2419
3880
128
6479
6741
696
9293
1491
2466
5441
8529
8613
5864
1500
1839
1193
12222
2095
3624
5261
1084
8640
2146
8688
2167
4696
6488
2316
2987
2611
12247
6134
1608
3467
1053
17513
12844
4154
1734
735
1187
10981
8955
3459
9690
322
3202
3555
372
531
11430
11284
2438
5096
4341
1928
14058
27807
3512
3590
5211
1573
2376
6873
2235
8715
11535
3939
3941
8032
3212
2077
7260
11823
10804
4353
2405
4737
3449
5317
3291
1200
8414
4941
4803
6710
13515
17497
7068
10578
1291
1433
2755
1993
3402
6029
12043
8593
3096
11007
3390
84
1531
1135
676
5441
1810
6657
1952
6965
816
3081
1603
8455
5510
11649
10309
5205
1428
6104
15138
6304
24167
2041
4033
824
180
2940
560
1765
1093
3104
1096
6197
911
13200
2635
1412
4756
4897
3536
384
1775
2995
6733
1175
4722
4406
12683
2351
914
141
18230
6749
805
3100
15227
8754
6617
677
2913
787
4119
5146
3422
5957
4928
2588
7400
24030
60
6143
14823
1088
5973
9892
3214
11597
559
2515
5437
2880
9410
1788
6197
14
7594
1627
11210
701
6417
5080
5893
12064
57
7389
18842
14595
2658
11941
3896
1303
8655
8815
2543
1401
1403
1684
447
8257
2265
22846
3626
5996
4911
8272
15761
2440
291
3482
3213
1726
9541
5155
3626
3010
3184
15973
1958
1039
6112
288
2162
1928
960
3402
9301
3268
1709
81
4129
517
7283
6666
11673
2573
2096
8473
1686
2956
10690
530
3410
6020
636
1093
14371
818
2912
11923
8870
3297
1233
4446
3270
14581
2601
3830
1766
3303
2617
3849
17918
945
14976
3878
1041
2523
309
4709
1470
7100
5492
959
4689
10033
976
4950
11790
3866
5930
1819
6539
84
1319
5916
1171
2763
426
638
1945
8778
1178
13328
2007
7738
2918
1879
15285
858
2671
7302
6721
7971
8909
4227
3077
8881
3902
2870
363
6665
3302
4209
2172
743
560
4746
3363
131
6785
339
16431
8302
8669
105
8950
1723
2579
2503
1225
2729
793
15846
177
567
557
7504
4706
9323
19713
3626
2302
911
2723
3759
2172
9061
461
156
3107
2818
4507
4590
7543
6372
4820
93
882
10262
14795
5444
6639
4025
9942
2977
6854
530
2967
15462
362
1108
1231
3231
1017
2464
3927
526
1462
2577
7225
9366
7937
3742
1921
2624
3768
7331
3074
1294
4365
1899
823
5517
2154
2287
3753
11297
94
4397
14650
623
809
10606
11715
2698
29830
2687
4781
3447
3972
12357
4876
2026
7294
15297
1801
1626
7787
4000
650
5562
2813
7975
332
8881
2115
2275
12688
6779
8394
868
7127
5146
556
926
493
7295
2628
166
4858
3987
1845
7073
5005
915
12045
1660
1817
3282
3836
262
3099
5060
240
9234
1541
3696
2282
10381
2722
5721
1048
4961
15817
1637
2823
256
3075
17660
5432
1952
9002
7487
394
3258
8313
14011
10042
2426
3134
3526
5884
3373
1913
2064
6959
8846
6170
3718
4947
801
2235
9477
7419
7050
2532
6328
5602
2547
575
12000
3000
1116
227
7230
1423
432
8446
863
3263
1005
3482
1265
6981
1252
3623
3138
4887
6543
1916
1408
16364
2904
7237
1847
3200
15365
4109
13707
5484
3038
1423
654
1002
698
2828
125
477
2725
1828
1571
1808
437
4591
21192
4660
1742
1614
8428
616
3663
12895
250
542
2960
2989
1108
4009
3785
6458
342
3911
4843
5605
3718
1390
2259
6626
1324
5377
4721
17751
6572
9925
2674
3450
4118
1137
8921
5589
1644
1978
15384
1580
4721
4425
1845
3117
4882
5946
398
561
5476
103
5396
2414
10655
11876
1751
3844
945
7141
1089
12019
4702
10498
9535
1041
3791
11188
2633
3294
14697
794
1758
7783
4148
13903
3529
3254
6680
16697
7968
20834
6142
6492
1195
2136
261
3083
902
1507
1078
2158
14170
2085
2563
3968
700
827
1397
1785
3713
6399
1458
2777
3060
4071
17431
1814
4116
5129
697
15987
2970
6765
1715
3158
9856
3221
2223
3710
14620
1401
623
8595
18087
3003
5915
19874
2412
1306
1109
2561
3130
5634
5890
6117
3262
14572
10253
4555
2504
4855
4194
3759
18190
10630
9110
3170
7490
82
2480
369
3525
3533
4772
4850
340
2793
13778
8367
3671
2103
222
4926
4930
10598
1739
2412
5213
824
10724
16232
2824
6850
143
282
29038
863
959
28413
5630
1706
19480
7529
21901
1108
5375
4243
8504
194
4974
10802
106
7284
20731
1932
1518
1612
1063
934
8219
7038
10920
2856
1996
3741
765
4676
9506
10154
2037
5159
8700
2580
14275
1202
5453
3310
5441
9584
5941
5346
5660
2144
3668
4225
6997
8646
5458
2542
2558
3058
3095
6434
715
1871
1229
3311
2133
1493
10496
2451
500
1112
7827
3414
563
4891
669
1773
7650
16981
3237
2513
683
3364
17795
5871
5467
4838
23935
7833
3763
2928
232
7891
5093
512
20725
7074
1567
4628
11085
522
3155
12250
1298
869
1356
6634
6878
3258
612
4432
2425
11992
2216
5073
10950
8693
8278
80
5432
269
5203
3203
6133
148
4074
8292
10364
7730
76
1150
11777
3347
12489
1672
4328
4665
734
1719
295
2374
9737
11501
1534
1537
2226
4934
3708
4065
1038
5018
5109
17552
13640
502
83
9280
3394
12062
2145
4195
2427
6027
4237
8450
728
11471
1157
5636
27424
4364
11727
3000
2695
15410
330
12354
9533
453
1398
1670
7196
4
950
15932
22751
2
933
3459
134
813
903
10075
510
7215
9558
2896
1954
4470
1164
6117
6704
1179
2664
10579
457
7017
5015
2601
4088
21666
4198
1259
21468
4984
1336
6560
1071
12712
1583
4763
2913
372
12590
2017
2649
5024
16404
472
8822
3476
1888
3574
4081
2031
928
2955
1773
1885
6303
4012
1721
8306
943
1534
3041
216
784
2596
1206
4010
10657
12906
4300
3062
8742
2054
1690
3826
16
2243
2426
13585
4637
6809
53
5023
5641
4329
739
3390
1703
1423
7925
5085
12555
5796
1923
14520
231
8171
6857
8391
4676
8867
887
5358
4957
5134
7329
1900
8975
7347
8397
462
12218
7289
16175
5573
5958
17931
164
669
3111
5703
6460
116
11529
416
16068
6599
8379
5992
9876
663
303
607
2289
110
2621
5564
6775
1394
3183
2214
6148
584
11
5132
545
3488
7045
1301
921
11786
597
1879
8616
16921
1807
13360
1815
194
2579
8868
566
9589
4066
330
4017
4140
453
26225
6457
7380
5189
5720
2678
10987
9520
5403
1463
1241
707
450
428
8199
9266
5738
1824
675
6283
20950
4184
10838
3695
10022
1963
3978
4094
1344
5903
8001
11973
1968
3401
16472
693
2306
1590
4650
2207
11647
1265
3349
1181
1602
8396
578
5867
4087
981
921
2525
4004
1670
4628
6494
2414
7247
2470
5970
857
5046
1673
417
6001
9830
761
5611
1260
3108
6384
464
10788
4293
671
669
820
580
509
5985
8456
1633
426
3623
20640
6146
8454
1330
4422
8774
649
14117
1295
3061
377
1811
4735
3040
78
559
4946
733
1096
206
7513
15325
5533
1806
2244
3493
1138
10567
3198
3110
5546
2403
7544
872
11855
16680
1784
991
17724
8570
10331
2533
5861
5284
178
1758
3838
1885
3699
2669
4603
6712
305
9748
824
5999
11128
7406
2904
2454
8991
10993
8275
147
6086
4506
2875
554
2339
5326
20900
1896
921
2400
605
7613
14302
7386
3516
811
7420
12610
5748
7807
4700
3771
1650
5621
9011
7314
8404
217
5025
3403
13876
7927
7934
1500
987
437
2442
2585
5733
507
3156
1202
14958
1177
17938
2091
3712
1799
374
9975
6465
7491
538
4931
8824
133
2208
1026
901
2163
3948
5505
6344
1620
1694
4474
5582
2286
470
9313
320
9659
1934
4098
6730
9427
6227
5687
15371
1100
11384
1116
2384
5322
13519
265
6982
4991
15238
2894
1573
1461
910
580
6463
2300
6645
1579
4350
6448
17453
898
5591
4412
4020
369
4010
5933
421
5915
4746
15429
423
1996
3850
1837
719
0
7490
3598
12024
11152
8877
7177
8019
834
27582
3841
376
1448
11910
3792
3407
2848
1627
1960
127
3525
1786
980
1580
2848
276
5763
1283
1490
3780
2595
1305
737
3361
3471
15051
393
332
8878
2339
4856
5601
1639
1268
3553
4916
1070
13176
3703
326
11562
1142
617
2554
2831
8912
2764
6369
5169
7013
6003
1652
1575
2480
1188
4949
5946
5725
2349
9305
7149
7638
3606
7156
9516
941
20705
4380
4713
16602
536
2063
3053
2625
9044
1476
16109
665
2345
12514
4379
2177
6668
435
1051
3583
7956
5763
36322
897
398
765
303
662
5909
1475
606
3835
821
343
10386
4237
11302
4073
2027
253
7782
19864
3197
7216
1624
1566
7781
9625
15285
473
8925
7526
4404
2997
451
9298
4638
2322
225
1297
700
14691
10940
10443
1775
2160
5314
8096
1004
253
6001
1568
1078
7353
5298
2336
1212
6598
16876
5637
1356
7507
319
21773
58
11005
1215
4843
1643
31
2606
2274
788
4517
6450
6967
2673
2953
6905
3656
2784
2131
4367
7740
3231
10345
135
694
4125
6445
1503
5851
1509
5833
783
648
1044
3677
9494
4209
3013
10264
578
5658
6031
4426
9743
1402
284
976
4696
2784
7391
8132
248
16783
1017
528
2682
8540
778
4985
4179
4767
2759
2096
1196
4524
117
2107
743
593
8951
136
2739
1499
15503
704
4906
1128
830
2200
2841
916
3740
1808
9214
6101
10413
1751
4502
5373
3082
2115
6271
1759
1390
2368
4144
4381
2828
3217
1306
693
2167
3129
6629
2123
1633
988
2339
2122
13880
11205
2928
6860
2530
3811
6522
5302
3276
2946
2895
118
2523
9126
20728
1602
8761
14167
2408
7344
7795
20806
9
9223
22
833
264
3849
10979
2396
11118
1494
2018
1955
898
3781
1920
61
846
765
2294
5758
6049
5463
17352
10709
1512
2723
3396
1972
3100
1436
12523
1300
2943
5159
6675
2736
5821
3850
6850
3896
421
10207
3609
938
13943
11437
9
1561
1349
464
2718
1212
3245
391
13691
1232
3937
4859
9455
1305
4009
491
5043
2996
20312
15404
2591
10001
6640
1356
19925
11768
2448
2255
8490
1659
5218
2689
2382
1391
146
1762
1092
1327
2716
8694
737
4221
3183
762
7408
7304
253
2616
3667
2482
2999
5916
3211
797
2114
968
4464
29204
6700
7317
2153
6021
5602
2134
162
8687
168
3677
4576
490
13837
2235
2540
375
3744
4072
5610
891
3691
4151
7063
43083
1677
1942
1325
10403
7833
8531
2546
1694
350
9243
3399
7007
1304
9048
1814
1858
6106
2290
16239
18614
1633
18495
2842
16651
2548
4243
143
3606
9224
512
20744
5014
11465
659
3746
2179
10852
1103
332
6634
762
2435
8838
319
309
10385
19594
4440
6209
241
4219
7343
51
1098
2643
5004
1187
1260
4194
4727
2068
4978
2128
3475
2533
1862
9921
5153
855
1378
2539
5339
1442
82
1814
282
761
2912
1065
164
3966
2593
913
12576
7182
23489
703
920
7479
9447
5444
6632
13179
2100
5271
11826
2357
12124
2601
2773
12606
889
1304
9662
339
137
5503
2210
9885
1008
3433
125
3606
2925
8178
3186
12206
7270
4702
8268
3420
1953
2547
18
8236
1053
5554
5289
1669
12683
10536
2019
10001
10254
863
5382
14848
1095
753
42
957
3758
6380
10727
3336
2259
682
12632
1921
4440
1147
20367
354
7580
12145
6966
328
275
11407
2530
7163
9584
22
13640
8893
5034
4565
16004
4254
3563
2625
8416
1125
1106
13321
3828
6605
3524
5302
5220
2162
1116
2180
3489
13028
14197
1266
4108
3255
7015
1699
6943
71
4156
5667
16292
11248
1439
8409
2245
7344
14473
2848
5560
5
1857
3750
2885
653
3741
2337
120
2869
15225
1882
2891
13379
18
12426
1692
5372
3697
185
4358
8276
325
9088
4801
645
927
3190
12606
1568
9408
1757
1738
4554
9246
7229
5819
18147
6826
5841
2922
2948
3332
3366
473
279
9866
4436
6948
2030
1288
3004
398
6349
1807
1870
8831
12
8244
650
5269
2041
92
252
5187
4027
22393
999
12231
2923
3487
216
1418
356
32949
3180
2375
619
23789
5011
6057
875
4723
44
645
3320
1878
437
15931
8989
309
2123
1748
9452
11438
1742
612
8438
1982
3142
9661
4774
5482
3999
1126
14018
1145
3147
356
721
6616
644
3541
486
6771
1063
2070
7198
626
5290
7049
2769
3388
5971
5668
7354
1981
806
2424
8678
1740
1694
20748
5846
1855
3427
5000
1510
2857
4172
2916
1944
3162
928
8442
2663
12702
5001
181
8367
3566
348
21018
1250
7539
13628
5094
2110
4991
1168
22008
1554
1318
4811
1596
5751
662
3956
3983
2387
10507
9629
2332
7707
8404
5309
11962
2279
20732
1821
8662
10145
5648
11266
2558
3833
170
5477
2024
743
8976
3724
3556
3083
5340
27
5335
6332
4042
893
1937
2651
6274
4918
4565
1754
4565
1433
1578
6500
4746
14492
6713
9061
4970
13223
1593
2382
180
3125
12787
9459
3273
7091
8656
9994
129
3844
1680
3959
1973
533
895
3733
5143
3100
14630
11609
3890
5805
2094
214
2810
10575
4632
4887
28605
5932
5261
251
4486
1028
25028
8855
9725
528
2391
4871
1332
572
0
6322
2667
2791
611
5331
1153
919
7228
3085
2245
16422
2579
8538
6771
10545
15408
3461
1902
21593
1402
5961
335
5182
4433
15019
14634
9939
2906
3612
10173
1240
1365
326
6196
1543
13969
3484
5479
8564
11343
842
8449
3842
5538
8827
5007
4980
21870
288
3874
2816
7757
8024
3473
18512
941
862
1284
1004
239
51
1738
4884
4886
2747
10059
20879
4944
2747
5066
3084
7931
435
4547
4626
8841
20402
29329
5920
3648
1562
5289
2491
5485
2410
2133
6517
2582
3709
874
7021
3074
4317
168
3946
999
2281
3669
3230
6083
7048
4896
9143
701
848
1484
1531
1009
564
3583
7674
96
4868
793
3581
189
672
865
4974
12355
1620
9162
18572
4559
282
4892
4051
5363
10222
1972
423
1106
659
6038
686
10986
22055
545
1541
335
385
747
8581
7114
2296
958
2947
352
1328
3187
3195
3697
1804
3760
3592
1825
763
6456
8830
831
539
3097
2393
10289
1175
3598
7141
3597
322
2443
1981
20754
584
2341
1142
5507
175
517
292
4975
12537
11534
3929
2544
1240
4891
6350
9009
55
5595
6401
4172
9474
175
3924
11972
2400
15149
15423
19176
22533
435
3271
14707
2666
19998
9454
672
1572
1502
1320
16264
949
1017
344
834
1616
4968
40
6147
4199
588
2119
9804
568
1714
3661
11155
895
2726
11338
5719
22453
20405
191
3360
3219
406
26748
231
5788
653
670
930
291
882
1526
4752
8853
1609
4321
1344
11336
2253
528
603
13324
11743
889
19274
4080
5941
223
13042
1982
2179
2611
1083
3242
3797
10748
9294
1612
3614
7599
7507
3799
9246
2372
5071
173
8826
1566
5609
1631
130
356
1811
9902
7844
1018
10637
5537
4887
3057
11181
1048
569
4611
994
14937
6391
10761
3037
3045
289
12557
3774
1753
3099
5927
5163
1967
2683
12086
108
3351
6313
4000
2052
2150
963
8926
1561
4242
3223
3579
2486
2716
7555
297
438
1096
12469
8834
598
1452
1338
2003
2616
3550
4401
2067
3730
3517
483
1024
2012
8395
13467
8651
8807
7795
12143
2627
450
247
3012
18024
7214
3784
26894
3595
1608
11590
5675
9550
6232
1964
1427
3701
795
8464
6532
14352
4588
4220
693
469
1556
287
5569
4583
1708
28197
265
984
1765
10769
167
2314
780
3754
340
6037
1171
6946
12105
128
2328
2633
2867
4336
7002
1046
6485
3787
423
332
4655
1338
2755
1878
1225
4346
13128
1935
12332
2265
1794
19677
1162
6482
11259
3396
839
3417
6064
4152
977
5710
497
1289
747
1185
13749
5831
2582
571
7482
1540
7575
3185
1534
2447
5155
8910
8044
1712
2784
13524
2623
14365
449
813
2130
6405
142
12281
123
4468
5073
289
1957
6953
12522
333
14663
4129
613
5092
4929
5921
5969
6872
6960
327
2699
3199
2121
592
9110
6544
959
89
875
7727
957
7976
14371
529
1257
5633
6938
1676
7474
4989
8090
2137
209
5423
6376
11008
51
6258
1216
2257
21888
2027
8718
14685
79
15999
4550
11312
5562
4975
18
149
2503
1440
609
4218
1408
4615
1866
3195
19480
646
2139
9737
2264
10429
5566
10846
2659
1037
6840
12932
16290
6339
5529
3225
1584
2138
2475
13740
962
15581
1313
2839
2791
337
7692
1038
19619
5627
6469
4446
93
2844
1001
5886
2744
2525
8338
3891
1997
5592
2110
1827
2057
637
3881
2706
21668
2291
4166
11873
11457
202
3505
1390
10670
1880
1724
3813
7507
1043
5360
711
12776
6462
3708
6545
12505
842
4052
10737
970
628
5398
5720
6164
4268
2759
25
318
2311
4249
7760
3152
892
6055
1591
1526
3636
9053
6748
12756
4001
6655
2903
23372
7608
1597
340
103
179
8194
705
3490
14736
144
1590
851
935
1008
3428
3811
2566
2287
1624
1784
6163
2507
11974
1014
6585
10310
5563
4342
3512
2945
19075
5985
12707
297
329
1706
8740
280
8439
4488
5987
4856
5856
10064
2410
1306
1154
13379
1967
9638
987
2991
2489
693
9682
7074
561
1432
3429
7640
20947
2118
4088
2534
1122
3935
2735
8615
693
601
10068
11203
4846
4276
729
4222
1704
9184
31414
13912
1913
8536
11962
134
4777
1845
2189
1198
1281
3536
5930
1466
7312
7944
5785
1591
7224
6927
1589
8296
2224
3507
5148
1398
2244
4327
1472
20896
5613
1710
9997
6128
1350
5
2046
1092
2307
2964
361
6450
6460
2719
6257
14414
1177
2818
17166
7035
2210
4956
1171
15726
12967
2984
2731
11631
3168
5752
1356
80
2778
6208
3613
19311
11781
1627
14125
135
1059
2163
3701
1447
4246
403
2262
3825
4296
1146
1777
1776
114
1587
4432
3310
3830
1929
12202
2014
4155
10118
2051
1157
1877
10620
4101
6728
2313
8149
19943
3822
4665
1154
2153
10951
75
220
3476
13004
7056
9606
889
1544
4457
4955
1999
8141
5267
10260
7755
6861
4217
4590
16493
7023
1608
2116
3240
3660
2134
1520
2545
3567
8196
21280
3516
10902
2004
8405
1425
5682
1019
3643
1850
1680
2278
1798
4771
4754
7503
1166
5246
5415
1173
13731
2356
9462
19
5661
1260
3740
5033
14
7768
478
3991
3289
2221
258
20357
8855
1350
549
4733
3707
1846
2042
4527
9631
6192
3364
269
1300
109
687
1577
436
11065
1787
18251
1268
1885
18816
353
571
30
4636
700
1434
4574
5736
3050
4284
5195
4338
1141
792
7902
18625
371
303
9084
5657
4263
1494
18461
1479
3813
2923
7741
3989
7709
9827
13048
24
7541
2454
853
5008
107
7022
2642
4698
1313
7706
1560
1029
6492
1126
2485
2280
5423
1415
7617
5383
4276
7643
2426
1727
14172
378
3705
189
64
11159
8549
3720
6372
5842
4426
6683
4924
14829
7902
5884
4976
70
441
1705
8996
1092
6512
945
1130
1821
14696
3031
5130
2638
252
7938
253
1071
1162
891
12644
62
166
7379
1176
2533
3344
3424
7090
302
642
13401
5864
133
2991
476
5901
4518
581
457
10336
1364
7747
3694
7836
372
2913
6049
7980
3292
3650
10030
4744
6679
4557
867
2094
2244
7575
16794
1362
412
4838
11768
8889
17818
10866
1469
386
9350
9163
206
2483
5545
5923
4084
3298
6540
6396
7310
1593
9918
5666
608
3003
726
4345
2689
1563
14912
12219
9278
5471
2578
1531
48
1675
11393
10590
2690
3736
7237
1292
3983
7579
3705
790
6264
5593
3938
2781
1804
2142
15268
4655
3470
346
1263
752
6559
5181
7629
6733
2642
2293
750
1356
9653
4794
421
11746
2858
1524
1445
711
77
18498
54
1720
462
730
12427
1535
107
2373
7040
8769
2517
1497
4348
3174
1429
2367
3157
6421
4089
100
1981
1821
5103
3059
9893
12321
3417
324
3069
3644
4155
768
449
296
4403
3425
125
1591
16314
3262
2207
2836
1842
16984
4926
3910
2479
447
1691
6007
1642
2438
19482
11636
8552
822
9233
170
12013
1009
1786
5173
305
7513
687
10654
9824
17801
3704
2214
4566
1194
691
12108
6272
2478
174
3147
2241
7050
5903
339
202
16993
7790
1918
1551
9627
7301
1923
3614
1663
13760
8439
4039
4357
5338
6090
7523
3500
1556
4662
6401
818
1396
4833
5674
4762
7491
11297
2120
6079
11671
14216
3144
7044
4327
2364
2600
7923
6341
7990
9191
2811
5048
10877
4895
1468
1703
798
5910
281
7802
631
3571
8510
3540
9590
3611
2036
1369
279
4021
3291
1078
777
13947
7000
68
19867
79
1224
5381
633
514
1582
3210
262
11310
3230
7591
1590
1241
690
9972
8160
13073
2514
7920
6246
1553
5868
34171
4126
2188
13183
6484
3092
662
4824
3051
1044
1114
7765
3253
182
11016
2183
9994
18657
3161
1184
3599
9671
8109
5100
869
8874
5197
352
1843
2309
22248
726
6964
282
8957
10689
6653
1309
4208
3557
138
6386
89
3375
1911
3352
167
2772
476
5914
2999
1289
28798
7575
11887
2548
8723
1024
6365
118
5141
1927
3248
1775
2806
501
4099
4256
1861
1203
10743
2349
3793
18
1183
916
3268
5395
5752
3914
10583
783
3890
1287
7814
7338
1710
21159
4218
4874
5489
913
1254
5538
4949
1381
4284
1630
19903
3028
2324
1820
2928
2804
1252
11897
1055
69
3063
10455
1915
1925
15104
10313
43
1072
3185
5075
16326
673
1140
273
2394
12392
14402
3923
1351
10770
1149
16274
3136
7119
12313
8008
22485
425
2952
3975
1028
10855
5879
4865
12011
12317
9438
7992
707
1265
920
2614
256
11894
10648
207
325
467
3344
814
1006
4617
3444
1260
8860
3907
8592
4500
6806
1900
476
3805
2500
1401
2578
5587
2404
76
26506
2595
12360
307
1701
2881
5603
9451
5658
6552
611
4610
1568
4123
587
8328
3956
4736
11272
3704
772
4338
4972
6720
5774
1109
6536
1364
3963
6630
29
1553
5159
19483
6242
12991
570
2809
6262
2219
19308
26
2871
7006
3407
440
11281
17515
4162
5108
13095
2272
10020
823
9062
5472
1090
1369
13632
5083
6248
5080
8100
3319
3371
1096
8872
8700
714
7800
21257
1141
13689
1696
584
10604
7545
18390
12783
2304
2916
8593
322
7785
8511
862
4530
19371
1989
2481
4577
8140
2943
1025
1085
2854
3822
2592
1649
2568
634
618
4497
5753
6252
1377
798
6903
4636
673
52
101
315
7320
1071
2345
3351
198
233
2153
4272
12658
715
6212
4173
2141
2882
194
1110
3031
9499
16511
42
11414
553
1558
4795
9576
12078
6582
10326
633
3875
4317
2794
3943
328
17884
4805
6284
6569
4614
1989
4546
7591
9348
17927
4160
1904
4577
7046
1334
12122
2818
2727
5114
7056
2428
13117
3021
26740
1705
2127
9271
13898
5387
9738
4992
72
731
2740
840
5516
2126
7720
16445
6160
296
5261
4000
1222
3392
413
2803
386
2705
4072
16
15043
10
3129
6621
1896
802
14499
11312
2923
1378
5570
6505
1391
8269
4909
879
5852
1590
1464
3335
9389
3584
12554
1221
2725
2538
1114
864
3690
12107
1317
8902
11757
7227
3479
8163
6172
561
1536
1414
7087
682
1818
2252
4534
615
2979
2350
2521
220
12399
1565
4012
9578
4808
1499
9885
28185
8247
6260
723
4630
1329
971
2154
642
2333
6114
1710
1355
6048
502
2782
273
875
2962
4227
2443
6867
583
4692
1267
2443
15830
2977
10205
4123
2560
338
2555
5019
1738
1076
4094
1312
177
1185
669
7921
5669
21562
5290
4349
5036
3183
4644
20892
10345
5663
1444
3930
2397
4547
10500
9374
6872
1148
1571
3375
8074
5382
478
16406
16933
2764
681
7027
5435
1845
1376
747
5098
2340
12416
4750
6274
2499
50
1144
1317
2522
5765
183
2069
2348
1050
1844
9099
8933
5572
2826
1822
3656
1449
117
3980
13066
668
3350
2079
4674
4172
715
5710
3410
760
3322
7497
10108
3154
6766
7221
904
18376
1565
674
9805
1508
20232
3753
2915
2887
2825
2868
11533
1590
13218
4795
820
2671
5215
7869
12915
6050
12951
1635
2854
636
2429
5609
11797
4658
5263
2697
5119
594
1487
7586
1350
1504
9865
11980
7738
1585
2030
4925
2667
1113
8824
159
762
17394
847
6752
469
7889
429
4382
1577
953
3487
6007
1193
801
618
1856
10821
485
17297
1420
2605
4604
6038
2369
4975
7970
9464
3140
1373
1139
11915
9706
4941
4646
3255
1254
2625
1710
7576
873
5678
8072
179
7530
2219
5265
9005
732
8897
675
4317
4915
2641
5584
340
7753
5629
4261
8535
11802
14122
592
1151
213
16929
3804
4443
3233
2832
4723
556
1012
5746
3161
7410
5721
467
2622
11678
1452
2596
2395
287
1017
9794
2261
487
5412
2173
2959
1291
466
5949
1829
2254
4045
1821
2743
7894
2703
19288
1508
2597
2468
512
12733
4466
4493
9268
7483
1034
9404
4668
14206
5222
2439
5693
1466
1119
12484
6346
18021
8340
2066
3662
2134
1708
1054
6232
18215
44
12988
5032
11920
9564
10858
12761
4216
5113
603
10382
48
21741
1682
2756
7279
8104
3103
732
7154
4394
10192
521
2061
2909
1398
9834
12015
4449
702
15484
6349
4449
761
4809
5974
3833
46
5044
848
10584
338
15226
2399
8400
11625
13821
1193
669
6212
2137
1425
3945
8132
4790
3662
170
636
57
1034
11123
5721
5090
777
1163
9414
6489
13104
945
512
118
2666
777
3
4745
1046
3184
2568
1826
8604
168
7190
4776
2786
540
206
3520
255
1949
1006
3455
848
1365
2565
12184
217
2287
18127
884
1179
5281
11468
3556
2414
3888
527
3182
1284
1594
11267
5946
6275
724
4121
6921
488
3371
1835
7659
9148
192
2288
1031
4134
7342
4382
2378
7102
992
1358
2122
4358
7687
1
4503
1289
8303
2628
958
1992
8133
1629
9573
1762
1702
870
6842
21314
3375
912
32200
4722
1332
2397
2622
291
898
1480
411
2582
2814
22761
7853
5076
271
14264
1621
8498
934
11437
1238
10527
2100
1019
11002
2995
360
28682
2524
2030
10693
7251
2378
822
3303
6573
3160
5934
26009
4809
11351
12073
3345
237
12353
10068
11555
7971
5879
5145
2926
136
1965
421
2161
5576
9239
5705
1366
5244
10631
1383
1754
2957
1864
10446
5278
5828
1300
1538
725
7234
8480
18722
1722
2856
2656
1590
1031
1106
4732
5023
4965
599
3012
3587
2548
12688
19838
553
9753
4834
2779
3971
4157
3257
17899
5222
258
2
8043
3656
3334
1553
921
65
5915
434
14461
1605
3114
5269
1529
685
3318
958
4061
2431
4852
4468
3108
499
2793
4247
653
1669
6070
6406
1521
1733
18602
826
3027
2622
6411
590
3801
1888
5651
150
967
728
5316
13267
764
1233
3473
2700
9798
3978
7900
14191
12611
1675
47
490
9006
1147
664
4992
4104
31064
2179
15389
9350
1836
4522
5132
11518
2032
1877
2674
9759
379
6793
5372
2044
6346
4468
4974
2407
2465
269
2258
3304
3007
44
2861
7699
13591
2869
228
11375
6064
3649
2555
2329
412
6814
1070
4900
9582
511
10564
1759
5239
3845
8533
856
8022
15023
78
4112
7055
1936
10282
3980
14444
4715
5967
1666
6724
2124
738
4222
547
12542
1959
898
9816
2659
6536
2803
734
1701
2650
5857
1090
1615
734
1656
3483
1022
5689
866
3246
3963
4477
1658
1527
2420
9
327
11723
1859
1706
4680
5184
6782
7002
15160
9772
869
3689
3258
4316
17984
12252
3804
6483
6773
1217
733
14017
2577
1671
1373
11155
904
12435
1180
1812
20781
5967
4342
2553
4285
280
836
551
3432
813
3252
1882
4534
3921
3146
20174
358
3554
21071
2013
3166
6156
4252
19984
11472
337
10574
3736
5614
2909
1676
8379
3146
6732
3412
4073
752
6644
2068
8931
9104
12191
2235
381
235
2396
1276
6554
6475
794
3658
6429
13032
3910
4354
5129
4291
4730
3162
4343
10727
2167
13105
11314
3291
728
11027
3458
8258
1218
308
3993
3569
12058
987
5872
1411
236
2237
1939
20771
6465
6623
6675
3646
555
1239
2531
1172
1186
1254
6681
1127
3874
24631
6605
662
18615
17965
3520
1190
5264
6227
13027
5336
3222
2726
2792
4682
2311
13717
8017
2467
2118
1302
11406
1427
12989
883
925
5422
3479
7010
3320
1125
2357
3042
7194
2476
1909
8493
884
1756
100
36807
1287
3249
5456
3614
723
287
2118
2311
1051
13632
257
20508
4627
961
92
181
5260
4024
2621
578
2296
5946
7617
25681
6368
7648
5793
3597
717
1812
4937
141
1091
1241
15685
258
338
5356
1641
2627
4064
4693
3023
13220
7319
1788
16128
15157
1347
2187
2663
9550
492
670
91
764
4457
1891
646
989
1579
6567
395
994
2794
3591
4052
5720
2934
4979
5634
8724
6443
7179
395
254
864
1032
9646
667
4812
3322
17688
18780
6433
530
10401
1485
20848
14959
5226
10200
689
3313
13137
16209
2811
1482
4228
4475
34459
10884
10180
2032
2778
2370
13952
7762
15905
1825
6695
4369
6117
1613
1400
11957
6345
9452
1724
4260
2517
4088
10325
4466
828
1993
319
759
1711
702
4182
2957
2457
3209
13567
31
101
1434
1846
3994
770
462
2683
7551
2827
1362
7516
121
863
211
1179
3392
9944
1075
3043
6408
6408
4048
1757
9845
3144
15331
825
7012
3970
1228
233
5775
3834
1777
5393
1432
6653
1498
972
3714
4864
5608
7469
8587
2094
152
1266
2816
7176
1718
176
10343
1879
1140
1052
13642
4388
2931
7807
3649
4
3747
797
3365
841
2935
1392
1528
392
1808
3883
571
180
742
2344
14640
6162
2909
213
2227
1607
2103
421
5921
2640
1979
4985
9211
1653
9877
7069
1851
749
2944
4608
8135
1914
8743
914
5538
3557
430
300
1454
4481
1602
8830
1165
977
3419
3744
8491
2027
4570
1765
23149
1787
7558
4020
6377
11047
11491
383
12789
6194
931
743
3946
1609
2946
2206
983
803
7521
3250
9108
3238
9823
9879
2622
9870
2106
10260
5655
8330
3372
677
4794
3083
516
9532
1878
697
2336
6799
1526
3508
487
48
915
157
202
529
4675
6834
14494
565
1295
5492
6741
1240
8057
2654
4261
18760
4044
5023
2345
351
6812
12356
12017
4058
7325
3006
5993
1015
6730
7992
39
12857
4835
557
3660
1281
1857
2697
5828
2357
1037
221
2095
1962
2630
143
8054
3929
14674
2130
6079
1506
13657
18888
10033
2654
1573
1221
818
3831
3371
5493
16691
707
1500
3625
8862
2925
4539
11767
1803
4641
870
4031
647
8016
473
7190
1669
4072
17790
8592
18145
3438
12408
3305
7591
1901
271
2063
14187
349
1303
1312
2331
5116
3114
1721
985
8774
705
1513
2669
6453
2018
2192
1943
5845
2383
2200
17491
7885
734
17071
5792
4297
3555
3600
3864
13789
381
5132
1024
9440
10677
5247
301
11012
2681
11023
3463
1367
4937
19479
10391
56
1884
6708
3253
4631
960
581
7550
2221
2663
3601
1840
3689
4201
15983
558
11215
850
2512
1582
7569
3048
3872
2562
6655
13410
6850
6933
2929
2388
141
2107
6253
2838
18070
12653
1001
2384
4159
4409
290
2682
7023
1921
3445
16126
1598
6182
7269
4761
2573
6120
15228
6093
2354
6741
2672
6249
2299
5547
4647
2086
908
9939
5676
1710
1291
2456
1934
14328
8620
2371
6354
14103
77
7717
7169
1077
1399
2684
640
0
16677
1285
16595
4160
924
124
358
2565
16331
109
435
10383
1030
1771
6427
507
5742
3991
4702
14
1037
3917
2075
7388
7023
7126
610
5757
403
220
3663
2737
191
14586
9884
328
1048
1063
17508
11591
6590
4170
685
4633
6576
5435
8646
1162
4314
6392
1631
5919
7400
13466
1803
3364
1309
147
4291
1798
392
2781
2246
4932
5776
4515
579
386
5495
11388
3763
30008
4908
22848
2133
2647
1186
2282
5706
4305
857
11092
1016
14856
487
5160
1523
10781
8575
1134
8340
2507
2249
1610
3282
4355
611
2422
3759
5933
3376
6829
4910
3266
2694
1732
1125
4572
10938
2858
7579
5197
17
2387
12736
362
5088
4025
6655
494
4124
969
1797
1470
1599
334
5692
9517
502
3878
1621
515
12338
345
5934
5476
6779
3390
7824
8390
14107
1167
7371
3616
11471
3016
2734
4153
3387
2954
3972
1321
1555
10125
5624
103
731
2400
484
511
2291
4389
3575
2324
540
39
6917
3786
303
3704
3545
16732
6617
5092
6890
1153
896
3166
2905
742
1538
9007
8236
386
2189
5788
2292
2278
413
866
1419
13391
376
202
15773
1897
2641
5749
214
7184
1485
892
19838
2174
2582
15623
10665
4527
2930
5951
4945
3993
969
329
15885
703
4248
3285
7471
2566
5980
1333
10604
871
12402
413
1049
6659
4371
3508
6960
2917
6488
10491
9439
4795
7201
22881
3954
3685
3972
3941
9968
18494
1892
7573
7792
2386
1361
4625
3418
6667
3019
738
4652
1973
6095
5106
2723
1201
10536
679
8489
2192
5678
85
2371
21588
723
13886
5977
1641
12012
3077
5068
2656
309
1350
3364
2380
7220
5725
3976
1592
6136
3840
2350
1248
4216
342
5962
4078
3711
722
6823
1740
3943
17777
9622
4334
5074
1599
3609
5883
3971
1496
309
117
4913
2243
9715
6292
409
123
494
2386
12073
7351
5539
713
4255
712
2107
20207
6610
24
7812
11710
17745
167
425
4360
402
16922
4704
1584
7165
20522
333
306
2176
2955
3625
1076
1549
2433
756
3106
642
266
5290
3187
2382
3643
3143
9187
3715
1336
11963
1834
7417
388
21671
6497
2683
12390
6788
1018
10249
2486
1094
31
4438
3627
5613
2844
3342
464
9818
4459
1108
3701
7783
928
13521
2571
4296
329
3623
3831
1832
3662
1349
22655
4747
3627
1022
3586
1245
5296
3841
5181
2313
7884
13519
3152
3629
457
11271
2304
6097
13519
5356
3115
97
1526
6799
326
2523
5871
11536
5099
94
1134
4062
2630
6823
2644
876
6293
4005
2774
5606
4504
12329
3681
4310
1725
3367
717
5038
2116
3027
2564
19884
458
2753
11720
2221
915
4621
530
1174
18381
17896
4548
4284
3061
7758
3563
11765
16129
1780
668
3626
4137
11686
7653
4151
383
1563
4262
5662
2933
1852
451
4372
7865
248
2446
575
3239
6681
2026
1562
8882
2374
171
4415
32242
376
10437
965
892
5208
8483
270
10139
14845
11681
3665
11669
2438
6505
1013
3788
12460
6430
4250
108
4134
1454
2313
1039
5579
2403
613
1965
16335
3
10906
2703
3835
1328
6688
1552
5967
4994
15178
9657
9178
3452
8356
10452
1600
16265
11212
2429
2099
4488
242
2442
2722
2676
3199
13380
5859
799
6295
7518
586
4252
3953
7010
2743
9256
1451
1762
820
3607
4989
2053
10374
970
11351
8175
50
7845
2414
3843
243
3250
666
16774
1321
2626
9018
1779
618
12656
1577
1216
3873
6565
6163
3784
0
2864
1280
6111
8528
3106
3270
2176
1146
194
74
577
2795
18011
3210
766
5118
1696
8836
7081
1481
3070
3314
1380
1495
8097
595
3066
589
3207
1420
17241
7697
4667
2446
8454
1905
1076
3576
6878
9019
5537
1797
5258
304
1150
1565
3078
7917
633
2070
5552
4142
2532
7822
371
3061
1947
459
353
15855
5217
11182
9908
6721
4197
3077
722
3545
1196
3374
1314
532
448
13301
7116
9554
1447
6880
11723
160
15639
266
2019
1331
7064
19994
4643
4024
9328
5522
142
10371
3012
3011
2922
5158
7288
5751
3287
5378
7565
3895
6243
1146
3405
10478
223
5420
465
6568
2172
9242
2884
8496
10668
2514
5614
1513
7096
1117
1117
2630
13269
6591
4753
158
2639
4250
2674
2014
817
2225
23390
97
409
2926
2582
1308
6081
2209
2241
3162
609
4879
1797
6371
5607
2961
1346
2891
14947
5064
329
2196
3031
706
552
3802
2356
14082
1831
2822
1561
7340
2069
3190
4543
5277
3974
7579
3824
559
5745
5624
1896
8388
8602
5149
1910
3614
408
3122
2543
2779
4206
2397
14460
9047
3369
85
8862
1374
383
20707
5056
107
11923
3401
1728
147
1415
9930
15949
1748
20127
422
5581
4332
13141
2063
6052
7802
6995
965
25898
2557
2758
4529
4655
3361
3096
1208
14978
6453
2662
3130
12757
12948
6499
1855
720
8201
4951
6380
1636
1452
1871
552
1095
1573
10166
910
1240
1836
15139
7769
6307
9585
915
200
4634
4198
2487
4812
1941
1349
14247
3980
3357
813
974
12282
5467
6152
309
15407
6479
919
4518
7044
3007
1784
7632
920
7557
565
7052
6841
10323
4462
3423
8075
4176
4938
3540
15225
2025
265
3840
9761
5301
13655
10107
7903
4702
1274
14638
1205
6373
7823
1970
962
8946
1975
4509
6866
8608
243
2762
959
1243
516
6716
2409
1413
215
2883
13010
4889
610
0
4012
2026
4663
15229
1375
1169
2461
367
1761
1311
7120
16011
8797
2335
3072
941
6078
2266
12673
709
3449
802
15000
11783
8293
1691
3611
4290
833
2262
1123
4976
222
1278
7744
5404
2025
1643
799
953
2892
1066
5408
301
2598
206
2406
8992
5688
1500
4911
6540
1834
236
16246
560
2241
1095
3553
4434
10641
3492
1676
934
6766
1594
9530
372
440
1616
3231
11469
980
2279
1555
2636
2578
6053
2334
10695
3120
2214
2450
176
3808
5358
8797
2205
11481
6244
8715
7150
3322
9199
1979
4683
4266
409
1378
20563
3126
5666
1732
2779
11184
5151
790
1806
1717
2005
6288
5191
3465
527
2367
4768
4213
1473
8676
1013
1497
24724
3028
3059
373
894
25
4669
9062
14050
2051
6267
1861
12229
5160
6789
3048
1610
7555
13524
5922
6756
2154
13878
1411
2152
9548
4805
12873
8100
6990
11230
2119
11680
1828
393
4153
3842
6127
15764
3734
451
248
173
3558
255
7382
3468
4508
11329
15105
1235
1371
0
714
8848
3013
914
12488
7294
205
7089
1621
416
3331
11
355
3841
608
14365
5873
16401
133
4540
9492
10786
4238
2961
4137
7780
4775
2945
3848
3215
18937
2087
5073
1159
3312
21006
21155
10145
1389
8527
4137
2032
1732
9489
3541
660
5384
2500
6677
728
1859
6935
1680
5563
4296
2003
8723
99
4154
2228
6169
443
892
1906
879
585
10802
3765
6446
3720
4011
816
4938
6014
2594
6354
7003
121
11561
3162
5494
6512
9125
4100
1389
2417
884
12750
5614
11764
7149
993
5616
3737
4489
5639
802
2862
14286
4652
2220
2132
5244
12773
3861
534
5630
90
4040
17154
2036
555
644
3743
2703
4929
1070
11035
416
3456
6859
10686
2942
903
1266
1599
6548
3882
388
3300
2250
2144
1055
2131
6511
4252
708
5461
1078
9007
3237
7611
1431
7700
2000
1667
6625
350
12599
8414
2167
89
4371
1665
9873
3939
14667
1429
7761
584
3113
187
4938
1781
173
2025
3909
22
32
5440
9317
13288
14282
2133
7596
1200
202
21258
13349
1090
2867
8626
3033
6415
751
1381
4445
10866
258
2412
593
9892
16100
10875
14529
1048
2508
1776
3185
10260
9518
3487
2607
1221
3097
1171
8246
7218
10928
1180
650
14390
7843
3907
1402
16278
2802
418
3497
3910
7529
2579
126
3869
1412
4655
5263
1613
8500
14258
5103
4824
932
6914
1973
3684
3988
8688
2424
2063
6074
15
8382
3463
99
17849
3124
1155
12094
3322
1526
5988
1237
13542
3701
729
3493
5660
572
2408
1124
7260
4827
5975
11456
2562
19241
3247
8903
410
24762
1429
594
1107
1961
11278
1076
4910
3644
4682
4938
1192
1863
4442
1269
5799
2220
1139
9784
7107
413
12501
2196
4916
1559
7476
8019
1150
448
5088
2746
8850
1553
9068
6800
7336
291
4815
7388
3982
1527
2544
2888
1032
434
1147
3225
10894
11293
6519
13107
3183
2525
2397
3174
512
528
3168
2074
7492
2786
5949
4885
5214
1514
1252
7834
3746
581
6395
4396
8075
1891
17629
2292
213
7665
1757
5668
2707
8012
11407
16304
2945
6439
2290
15060
10621
3705
3300
2903
1759
1645
14079
2618
181
2344
8582
1838
12
642
5915
7494
1922
431
6483
3756
704
1649
1462
1509
3877
6393
5784
254
1290
4681
1255
13827
463
7113
2381
14601
693
4008
4208
15195
261
3598
2952
566
7195
1692
1050
1560
516
831
12
3932
2061
5246
3507
6354
2051
530
6211
77
2055
516
6084
3595
8449
3609
12309
118
379
740
8229
936
3777
1616
8349
1106
13421
10395
2747
1939
955
983
1057
4626
4897
6986
826
1603
13723
1718
29614
10920
2670
9566
8403
426
8388
6441
14364
2574
10962
5243
1726
1691
2989
10092
9067
5278
4525
39236
4384
4399
231
25
7711
35467
7205
7864
2101
154
234
2237
87
1749
1434
2190
1414
6047
335
25565
11033
7075
424
1675
3628
1129
5775
4534
10841
3996
85
4211
4063
5924
16929
1820
13488
2343
3227
5858
1941
1562
1455
808
2098
421
13534
16203
19747
6688
2139
2848
5414
1544
10767
1739
196
4877
3428
2611
50
1362
5907
10848
3768
6054
4588
1505
1057
2858
6112
4414
1467
6938
1878
701
4180
11039
1341
919
14469
3931
2159
3960
1660
2962
7783
1833
4911
3717
3223
593
2025
74
6884
3629
5863
1891
13552
816
2178
2714
8902
5215
481
3692
3693
3520
6445
3630
13676
3914
2639
96
3585
4340
2525
3762
3239
9167
7988
4870
5419
9033
1177
548
9866
6520
1991
5028
1243
8577
4488
668
1483
3663
9839
1994
4525
6544
2384
7701
7796
6964
1829
27303
2886
3246
2592
7678
185
217
6937
7399
461
101
13361
137
12439
9143
3249
7485
3484
1370
5497
11516
6734
5181
975
442
636
6899
1940
10086
8825
2232
9607
6334
4513
7637
13450
112
12062
2827
2968
5637
2902
8510
362
3569
9215
4225
4403
5035
8923
8509
1615
6114
4708
5629
3868
3415
6561
7675
170
1609
11262
2001
480
15315
3051
417
6686
7523
14381
3290
11430
58
18042
9754
3852
8469
4617
2974
8887
1470
1347
464
22097
329
1232
867
3066
7440
4226
10978
1256
1292
4304
2240
2144
2714
3619
7554
9831
3370
8461
18421
5076
11858
7012
1596
6864
11642
2334
1944
6900
4281
10133
7883
856
6095
1380
3157
4891
10217
7747
1058
842
4630
1114
4564
12309
10999
5477
5633
7226
2815
5743
1204
3843
32458
1085
3413
2202
2000
219
8761
7990
672
6748
4633
500
6364
24132
1058
6809
5209
6358
2814
1857
237
10038
5291
13154
4177
2420
4006
883
2103
4461
543
2160
5192
5877
5992
9668
3650
714
808
1059
3511
7933
877
1961
16710
1524
2406
559
2183
545
560
3481
6960
4347
9167
5704
236
6636
6825
4967
2271
11097
9509
6641
4092
2697
3501
5704
5507
9948
165
17393
1125
2697
92
14414
351
9495
833
1516
476
14216
11004
461
13783
5542
13227
489
5067
2359
74
1221
2404
6845
240
9454
4990
60
2089
8836
8142
22785
4732
21446
5427
12933
4348
3341
993
13319
623
5527
2487
1597
12601
1090
1404
15341
9611
11332
5370
1129
3004
2798
5787
6880
1788
3929
417
7266
3442
246
2179
5090
5075
304
9592
16807
1821
11817
2809
6351
8864
22176
5600
1774
7146
4959
2883
1252
4591
16930
1459
29
2225
20010
43
12357
8847
2871
841
472
11033
2079
590
9518
8238
848
800
683
129
11626
401
8706
396
17539
3410
4774
4446
1274
3913
11614
1642
2281
19677
7697
8003
3527
948
3207
5346
1638
360
2575
5038
19573
10089
1249
3338
22506
2566
4699
7191
8873
2215
7281
3636
8404
1208
3300
3918
1510
350
5899
936
1990
8426
1490
7642
5935
8645
990
982
678
756
3190
808
2409
7466
995
5109
5781
3595
4301
4733
4269
6548
6044
4618
2061
6523
1909
4728
6769
1768
2388
1001
8555
8563
3058
7892
226
3200
21275
1110
2454
1871
9077
7641
1258
3090
1066
945
27
6667
9215
4805
3552
1182
13737
14805
614
6638
1192
4827
3941
1593
5488
1060
4392
2501
2779
61
4891
530
4304
4070
7627
2099
3909
1671
1266
21152
3878
4886
2540
3416
3768
5098
6652
29
2730
552
1960
4896
5345
3290
5300
3607
3575
234
1260
7814
1457
4922
7654
1318
13988
4292
22894
3783
1795
4509
3717
9542
1789
13003
6144
1455
14087
15914
15826
474
3879
2580
7197
5139
7796
340
61
3188
1014
3640
2608
6884
558
395
14627
1999
700
16515
2260
3308
4271
691
259
2343
8082
11355
3268
2550
2510
1838
1839
9726
3899
583
7253
339
502
89
2338
21516
1882
2373
5620
134
6058
4316
1916
2614
7055
17892
921
1870
9601
872
7115
2908
1401
2504
4419
8388
11700
4610
1035
1989
1200
3392
603
9726
4751
7522
3823
20661
10880
4992
2161
3692
6658
15213
159
5176
9157
1651
1681
5796
4427
5806
4594
100
1983
7806
5121
5562
10718
1126
2774
4310
1742
2660
10386
22517
5131
5881
9777
17165
1354
192
4411
967
3339
2068
513
1673
4349
783
1017
8603
8738
515
4624
839
2223
8027
4267
19528
10267
8077
3165
1662
9384
1513
5699
22
12106
10742
690
279
5679
28581
3007
4411
350
9357
377
12732
6714
1790
6529
3027
7074
11095
1260
8884
497
2176
8497
11589
1401
8738
2031
3687
4462
7197
159
1852
2157
10075
968
5551
1501
7054
835
2307
5044
272
1670
5434
13368
1811
2910
11894
7384
7299
3610
12668
3454
5325
936
8945
549
3787
267
6812
21498
11045
2965
2871
399
2086
7765
24494
365
5560
9838
4637
5661
3719
11579
1149
1754
2218
4023
516
5775
884
2966
6247
2856
3749
2530
14369
877
21647
1581
6162
5204
3967
15844
3021
197
47
1355
13297
6535
1036
526
8731
8175
5336
11395
10805
4182
1127
6941
5858
1308
1479
122
1361
1259
20605
5595
11224
9386
1642
11594
767
3262
15845
12628
4737
16334
2475
5291
342
1173
5677
2690
6380
330
524
6589
1485
5042
1161
48
5523
5403
24923
8479
1411
8153
2766
1029
9425
21168
2532
6745
140
2196
16831
2722
2131
3696
1646
674
11575
771
3647
1205
752
2481
5613
4728
1386
1097
5147
505
495
242
7657
693
5743
11116
1577
639
13893
2165
696
6
4540
3889
1876
5967
4315
4074
731
6706
11509
9279
3200
5262
9257
2844
1893
3799
1509
15010
6707
8844
6192
604
670
2537
1154
5097
14852
3953
2364
4519
11205
9532
948
1016
12345
13700
4966
2764
330
2627
13445
1272
4566
1235
4864
1518
1813
7558
24727
5145
2102
4782
1989
4826
8219
3166
1688
17388
7400
2356
763
21210
5715
2074
2010
2552
1022
1821
5229
3221
1195
2432
264
2733
13604
876
5995
7537
9585
14665
7496
11081
2016
19373
2140
873
16151
1654
10634
7357
1156
3568
11226
4808
789
2137
1088
413
1840
1634
3725
2344
9661
3682
4980
2661
6698
21989
10471
4513
8003
805
151
9424
5221
126
1655
636
7085
21227
53
9735
5165
2776
1946
896
3514
72
10944
12221
2308
3465
2915
878
768
6889
2693
1292
7384
8962
502
2262
854
6995
3612
8336
20760
5014
1569
3836
16715
1719
570
12525
2732
811
336
5324
7046
9832
6128
2469
9177
2399
3500
145
1539
2921
7433
988
1286
7148
166
13611
1399
488
3026
4864
2032
2711
2148
882
862
33
522
10799
223
808
899
4199
4679
10098
12463
2948
3080
3511
14441
8941
8610
4423
6267
4690
6913
1472
446
14638
179
23324
1762
2919
1753
5083
1371
434
1457
627
3169
9954
20365
3962
495
7555
1736
2035
5621
204
1550
3145
3334
21636
7307
1068
262
812
948
2700
1478
4343
2032
8070
10044
8848
8430
9082
4328
4241
218
2165
3406
4285
2022
455
7395
4661
851
9328
5557
8527
4254
14115
2242
16675
25688
1006
3571
394
6796
710
3376
1243
1344
3797
314
900
1778
8918
5019
3685
8156
6466
1203
3081
1718
3914
11767
2055
790
10692
151
3386
2938
6626
663
2446
5223
4647
7907
1375
1387
9390
11219
6211
3361
2836
6033
2831
2197
810
694
21729
772
211
14
175
1142
18810
17281
1261
5585
3943
1246
7893
1615
1002
1459
2302
4057
725
2029
18476
2409
5900
449
16400
1950
6639
218
2905
655
4097
5762
1978
4533
271
284
5981
991
2435
919
323
25274
5255
3894
15471
2696
8996
122
5857
13317
1560
7677
1721
6821
12803
9791
9894
3179
3540
748
20353
9149
8144
3283
10146
556
4326
174
3343
7748
3690
3967
1543
1493
1158
16700
3875
517
13812
4107
4922
12818
6768
3348
3488
95
1047
6771
3512
456
2696
17148
2495
7538
843
3124
5876
3569
15227
6372
4422
7381
9701
4042
4681
16498
6732
518
9503
13005
9932
153
5632
1197
8956
13983
3426
3325
1594
180
465
5502
55
10955
666
3532
8524
305
3379
1079
1082
1821
5691
1484
208
1815
2
3035
1238
5045
3198
1490
1319
799
370
21261
3362
2537
2689
1484
15798
2790
14184
3968
1378
9065
428
5441
8235
4142
3634
11644
3884
1414
6518
2750
114
967
7829
1452
22155
2668
5648
3971
1203
2618
2862
5591
4035
4954
1146
7129
3590
16929
1704
1582
2247
17781
4084
5217
1431
2897
7467
210
17573
3133
11466
5197
635
3380
19128
1942
9013
7442
7552
1250
1099
4137
2365
2307
388
867
121
1618
4835
6749
16134
2226
5095
3922
3016
3453
1240
4738
6504
6123
5195
21948
8563
4323
5058
16033
10185
1206
1307
18834
13050
1138
2854
2851
9175
1479
5153
11071
86
2287
858
7307
2108
10612
4021
29511
25
31
552
10022
986
9539
1537
1508
2356
22175
675
4965
1899
2070
5981
346
4618
7295
1392
5271
326
8848
7891
1029
6245
10555
261
1852
6096
292
3969
2603
2333
5539
3387
6027
811
23905
1482
2827
1307
3706
7436
1848
8000
5330
17381
2064
949
12092
141
1163
7159
1979
1257
9819
6558
16883
1450
4249
7884
3623
4724
736
87
2532
1546
3203
1211
7569
23
2854
1909
6514
3134
4229
9669
18190
5992
3668
90
7510
1162
814
3757
578
17970
3228
384
5039
2957
10763
15587
2290
1582
3712
3621
2749
3335
1196
999
682
7265
6044
13835
4670
13316
1883
2901
10390
1731
1264
1873
5592
4076
1017
5673
12564
6181
15353
5372
2312
3351
10757
3422
8993
9196
5901
709
1690
2829
6568
1889
1270
7168
9558
7229
4145
17271
3317
6258
6264
102
728
1520
18485
1451
6835
10307
628
2110
38
8180
14481
4438
3617
1777
11142
1633
610
581
10004
11265
4677
3467
574
3635
1975
6274
433
6620
5142
6923
1053
1422
349
6593
18920
7721
1190
736
7852
638
87
2597
595
3722
4637
1908
1790
4078
2146
2245
6698
11776
3333
9607
275
8066
242
1552
2210
2782
13236
11860
31328
15367
3290
8298
11205
1119
7834
11114
4318
3641
773
884
4096
2369
17306
5576
8570
1680
11733
4111
9557
4677
7384
1984
3543
17662
325
107
1467
7137
721
1562
8298
341
9822
735
112
4971
69
3696
8731
3007
7853
1297
2335
7321
1061
9777
14698
7857
15184
4396
6687
2464
3815
2190
4331
1349
4230
10917
5251
2919
2763
9572
5026
15937
272
5403
9564
3247
11367
5345
535
5660
3912
3492
3872
360
1135
2251
4254
18018
3285
21338
2149
4657
300
5230
3480
118
6720
7917
1092
3884
15387
9942
5478
2136
4112
652
395
2076
2856
2777
721
2333
1267
1616
6295
7448
28304
14742
915
1841
4383
4113
9258
4995
9353
2601
3275
456
21192
4193
1095
768
20629
2590
4464
685
6433
5376
1648
5338
10167
6589
1045
8115
3647
2213
4905
3812
612
1720
1272
5724
364
10365
2466
1507
3825
4178
258
2209
4305
2015
30521
5091
16894
900
11841
12988
351
9594
23
7487
6107
20250
3846
13793
17982
2328
250
7136
17513
1550
1137
3013
4593
5701
852
466
6525
852
4535
7903
1735
4443
11667
10039
1085
1895
1220
11401
20445
8674
1026
1159
3453
1305
4624
7208
1737
4290
432
922
5357
5621
2325
2876
836
2397
945
6796
3696
6002
1334
9488
3138
4009
3350
6178
1528
17958
16203
326
8446
3143
2113
2668
14074
2846
10165
379
3866
7706
1701
899
4736
5218
5188
1176
5572
3269
18907
6305
1194
21528
5109
6142
8173
10161
2050
14167
4177
3660
8144
6122
1883
2725
2241
5874
2739
4750
10353
5641
7454
7112
969
1939
1415
3890
3118
15747
1723
164
585
4844
5945
4107
7802
5892
2318
9144
3147
11960
3743
6065
3740
762
634
3648
1478
9492
2887
1257
600
1398
1315
5821
323
312
3039
3414
9622
2916
7291
839
292
4691
2533
20140
195
5656
2396
4479
2006
4095
4644
17767
3975
9753
2230
5880
1862
4842
881
2449
2769
2152
2913
10024
2417
829
4253
370
12860
3308
5111
9530
2212
4939
1139
2327
6628
8324
5194
415
577
6997
4290
20
3384
2248
9183
8247
4202
807
222
7645
9
3395
2326
5981
5400
8536
1215
1104
378
2585
3222
25448
3878
1830
697
659
2576
5633
18745
5511
946
4093
233
458
11580
330
3617
2729
618
9901
8026
457
583
2947
2086
7652
2140
6711
637
6491
66
5972
2020
1822
4713
4183
3488
5211
1484
3179
1693
6660
117
1447
5980
889
2373
2157
5915
987
4254
705
14237
7970
7299
19487
2475
389
1593
961
2568
2511
2404
2807
2244
3414
294
5809
2702
6734
1306
2055
1288
4184
724
671
1672
65
245
2446
2359
2916
1699
377
3247
7255
4437
3078
1418
18219
1284
12953
4135
653
924
1697
9975
2220
4588
16193
12115
4909
2420
6744
1416
6447
5806
3456
1209
1113
2288
2187
12147
1673
4092
3958
465
1291
8390
2337
5760
2341
1564
1127
1831
16314
1468
1750
1225
4394
9733
3545
3537
12336
217
14456
702
5915
3373
654
635
4619
10301
4386
821
6209
7106
1207
2469
656
98
8357
5105
15296
1490
3822
3054
5073
6769
786
3547
1283
15810
13165
2418
4385
3402
433
2749
6761
17
4348
1820
10863
766
543
1914
2349
4077
11077
1660
21902
1208
8870
3667
2400
1718
7081
1643
2308
301
616
3370
15395
1946
4031
679
352
19002
8956
9026
18
990
2255
7251
1613
4533
1782
1424
3200
13053
1476
3195
4793
211
2353
6048
4185
15827
3921
5243
5209
10776
2953
2843
7556
5486
17122
1087
4102
3754
4203
5159
7582
2742
2303
825
604
9990
829
771
1578
12531
727
2095
788
2226
8226
5792
2723
15315
8467
23364
7175
18601
12748
4969
6555
2760
1881
1572
2635
9178
693
15861
2841
396
7149
2233
554
7570
12054
19657
842
3255
45
1424
396
46
13646
21617
4116
6456
2496
7214
7349
5240
1276
11725
26815
6590
28
12006
2469
2
8447
3092
310
1894
10610
20234
6747
12645
657
22118
19108
434
1217
2271
3735
23
3523
1550
418
3397
10063
3114
301
19645
2034
8859
10450
12832
1193
290
15083
4009
1651
2066
5012
6265
455
1452
2592
755
4216
3213
8163
5560
1544
712
1161
2364
70
1473
5148
4722
10430
4170
138
299
6467
2001
898
3328
808
7524
8264
9551
9059
10896
2846
10473
867
1663
7967
11980
1431
14094
2068
1242
7559
12125
2902
3404
8557
3422
4765
1546
3934
379
3411
2180
8156
2781
906
5593
4364
16504
19272
6053
2261
406
1406
2526
4375
5879
674
14967
608
822
4865
9032
2272
1295
1541
7986
5465
9364
2192
809
3971
7192
7030
8278
331
1005
6430
2012
5230
4723
2705
3648
2557
516
250
6266
5568
5615
4719
16241
4313
1328
848
396
8766
13443
1893
1161
13680
1654
4368
3301
1604
9043
1163
14097
12736
5014
7334
1821
4303
598
2749
26
3288
11394
10275
4591
17306
10174
5245
5191
1137
757
4446
379
2734
7266
17381
1113
5868
4717
5881
10998
4812
6374
1732
5297
1539
9480
544
931
1846
5985
18309
689
6447
8470
1147
5773
2783
5645
723
10911
5824
3581
17837
6419
3789
4012
5625
2369
2023
1855
1802
2452
1023
1644
665
12862
4726
1088
5697
2009
7966
6209
8840
838
310
3283
6176
11390
179
11620
2654
966
2303
8415
2657
4384
2597
1939
8727
5330
1779
4820
487
74
94
1846
11266
2431
7971
2760
8004
2893
5718
162
650
111
2169
13498
1777
1312
1228
863
11273
4461
2662
1579
1419
1060
2625
784
9428
1780
5042
82
13229
4990
368
746
2086
8182
1527
1420
3246
2101
4966
8223
636
4726
6316
3028
4627
140
2837
3416
1443
14082
845
1490
1560
1228
1825
9899
4420
382
1036
8788
1448
1366
5527
166
3196
4208
5167
3123
3465
11445
13890
3230
11190
10149
15270
1104
1191
5490
1687
1059
3749
13239
6582
718
2712
4360
2732
15103
16258
103
2517
5674
7662
3660
2021
8093
1654
4186
2330
672
12607
17245
9831
2606
235
8261
15478
9354
1169
1277
2965
2923
708
6092
758
2744
811
1598
4737
379
8579
16835
13804
5033
7548
4054
1955
11854
5353
7737
6901
25046
3758
3572
8640
2679
5273
193
2716
707
9380
1825
7669
2707
3644
929
2255
3057
6976
9962
898
4679
3352
767
7818
4346
5296
80
343
3467
750
1566
4880
14355
1617
8515
809
962
27533
3912
9992
736
4146
3266
18641
4127
9476
7252
877
2710
2675
2443
2722
3799
1539
1887
1930
3460
521
390
5619
2454
7645
664
3344
10154
4349
785
7780
827
3425
8980
22989
1666
2484
5851
26435
6334
265
1107
1872
22
2258
9767
4675
1480
11247
1029
2608
941
7614
15017
3015
968
432
2318
77
7407
7085
5152
6642
3668
6271
27499
2243
429
6718
13414
3053
1976
96
543
1825
2618
952
2612
845
4985
4349
600
2644
16131
10138
2621
11046
8871
8578
6146
6622
1072
1566
1579
5863
4076
2895
588
8971
10175
875
8611
7095
286
2493
617
2825
2472
601
121
1036
1460
638
6304
236
4264
2280
9189
3801
3695
2541
9262
1484
2267
3001
8403
6038
14147
966
48
12904
7578
642
3302
2354
1243
4654
1328
16521
3676
3134
1396
3060
1083
9856
1295
5012
4131
1244
2915
885
252
7357
10089
11399
8423
1131
9245
2994
1602
11051
3247
3501
7287
8033
3739
5686
3650
2282
809
2313
4012
3991
2306
16719
12796
1275
2886
8375
3099
1841
767
4059
6529
2959
1708
1938
894
5648
4752
4929
6830
1353
3728
4029
5142
2223
5564
981
1746
4992
3599
14448
1895
908
929
654
7583
12991
1051
678
8782
2747
877
1021
2032
621
14
4536
145
470
389
2762
6838
2051
22233
3782
5
461
355
8904
203
4867
3453
10304
5297
12196
4082
4809
5669
6760
2408
1338
6293
16528
3364
4387
28069
3815
3863
3293
5768
9117
3467
1791
4304
484
4870
15790
1897
5451
1548
1546
5419
316
4335
1501
4442
6534
3620
322
2214
2253
2768
5810
4094
221
1340
766
2472
8040
3040
5487
2018
4674
19619
11161
4345
20535
644
499
7673
1862
5563
16708
20950
5375
5195
5436
99
1376
2142
2765
355
3597
4548
5067
4097
5842
5390
16871
2917
397
268
2809
1841
4847
431
6498
20541
2769
10645
725
4451
2281
1144
8037
11191
16735
2682
9861
9056
9602
5034
1521
9477
10153
3759
3887
5950
1362
4594
7775
3521
1717
3325
3043
1211
2008
2235
4807
801
15290
13268
2163
2287
509
243
9449
1521
71
4660
9318
959
4730
3504
4510
3550
4189
1669
4371
15894
7142
11085
6184
4632
2718
8556
3509
340
3137
17315
1674
1750
4986
1912
1163
18506
1440
8768
11130
3396
10946
2100
819
4100
9194
24216
381
22314
2467
4360
4736
3603
8051
3246
2374
3450
4330
657
2317
10460
4182
24520
6217
6292
2751
1914
2139
7839
2137
3339
3198
11282
1917
3308
1190
3569
11118
9367
4688
694
2888
2408
654
1103
604
5619
8077
873
5199
509
1157
1462
2716
3117
4081
2088
16534
1526
1016
6724
11972
7976
2127
2310
3911
309
716
3228
7191
7495
7161
2613
87
299
10537
11137
4173
8534
14336
1155
2390
1662
4852
6768
747
2333
2879
1362
1160
506
13842
12238
2708
6912
8626
2293
2213
5050
6987
3101
3483
1891
1047
3144
2528
5520
302
244
2082
3278
6905
559
1492
399
4298
1834
4916
3933
3946
2087
2194
11183
1116
3742
679
433
13571
84
8383
923
16276
7242
200
3936
9371
224
3096
12664
2757
28151
9190
4434
10953
1875
4061
1110
1099
13935
2677
1678
7191
13731
732
2294
3899
4148
5967
7757
5594
5547
1719
3120
146
1481
405
1497
4181
302
2212
3365
5772
2327
14718
1261
8519
9027
3979
4335
12436
57
4006
4598
1294
3152
11696
10335
1896
1299
634
11256
25
1486
1762
13945
4857
9785
9067
88
17421
1138
1328
4285
8147
5425
904
3732
135
13568
11488
4815
6963
2193
477
8569
259
4549
1844
887
1559
4041
18697
14456
222
2226
4576
2338
944
6968
1734
271
13569
2236
577
1735
2161
10484
2997
1928
901
3692
3297
1203
3604
3623
9720
6758
1283
6102
5310
26353
1809
10642
4059
797
1688
1833
25258
4662
1267
9307
3638
5765
5688
217
10506
6081
5214
1361
670
10412
3037
237
14553
911
369
12840
1965
11566
15548
4306
